1 0.73125 0.179167 0.25 0.158333 0.437171
1 0.740625 0.175 0.25625 0.166667 0.483156
1 0.084375 0.2375 0.16875 0.191667 0.534595
1 0.69375 0.166667 0.2375 0.166667 0.606077
1 0.08125 0.233333 0.1625 0.2 0.654909
1 0.084375 0.233333 0.16875 0.2 0.694532
1 0.078125 0.233333 0.15625 0.2 0.388456
1 0.078125 0.229167 0.15625 0.208333 0.305802
1 0.0875 0.225 0.175 0.183333 0.254251
1 0.728125 0.175 0.18125 0.166667 0.25699
1 0.090625 0.229167 0.18125 0.208333 0.307206
1 0.728125 0.175 0.18125 0.166667 0.490417
1 0.09375 0.229167 0.1875 0.191667 0.419398
1 0.721875 0.175 0.19375 0.166667 0.554228
1 0.70625 0.179167 0.225 0.158333 0.492134
1 0.090625 0.233333 0.18125 0.2 0.758599
1 0.703125 0.170833 0.20625 0.158333 0.386084
1 0.0875 0.2375 0.175 0.208333 0.536921
1 0.7125 0.170833 0.2125 0.158333 0.308324
1 0.725 0.175 0.2 0.166667 0.614003
1 0.709375 0.170833 0.21875 0.175 0.745707
1 0.696875 0.175 0.23125 0.166667 0.774371
1 0.69375 0.175 0.2375 0.166667 0.755305
1 0.309375 0.154167 0.15625 0.291667 0.641754
1 0.690625 0.175 0.23125 0.166667 0.699792
1 0.65 0.1875 0.2375 0.158333 0.726518
1 0.65625 0.1875 0.225 0.158333 0.650803
