1 0.490625 0.35 0.30625 0.233333 0.726141
1 0.334375 0.65 0.41875 0.7 0.286596
1 0.953125 0.541667 0.09375 0.216667 0.468748
1 0.303125 0.754167 0.38125 0.491667 0.302983
1 0.925 0.475 0.125 0.2 0.341311
1 0.90625 0.445833 0.15 0.191667 0.273164
1 0.1625 0.795833 0.325 0.408333 0.481665
1 0.15625 0.804167 0.3125 0.391667 0.466265
1 0.11875 0.8125 0.2375 0.375 0.615774
1 0.115625 0.791667 0.21875 0.416667 0.520357
1 0.93125 0.3 0.1375 0.2 0.485142
1 0.90625 0.291667 0.1125 0.216667 0.325697
1 0.659375 0.333333 0.20625 0.216667 0.523276
1 0.315625 0.491667 0.16875 0.233333 0.488887
0 0.31875 0.620833 0.475 0.291667 0.255283
0 0.56875 0.6625 0.425 0.175 0.498885
0 0.565625 0.616667 0.31875 0.183333 0.366639
0 0.034375 0.691667 0.06875 0.233333 0.281602
0 0.653125 0.6625 0.26875 0.191667 0.660957
0 0.034375 0.729167 0.06875 0.225 0.28748
0 0.709375 0.679167 0.35625 0.175 0.368941
0 0.334375 0.683333 0.53125 0.283333 0.261701
0 0.475 0.708333 0.3 0.2 0.327387
0 0.284375 0.625 0.51875 0.233333 0.276056
0 0.4125 0.6375 0.275 0.191667 0.409488
0 0.43125 0.6125 0.225 0.191667 0.506176
1 0.09375 0.591667 0.1875 0.366667 0.487684
0 0.234375 0.666667 0.24375 0.216667 0.703579
0 0.18125 0.6125 0.325 0.225 0.286164
0 0.309375 0.583333 0.34375 0.2 0.294115
1 0.1125 0.529167 0.225 0.325 0.285094
0 0.290625 0.5875 0.26875 0.208333 0.298758
0 0.253125 0.575 0.38125 0.216667 0.343809
0 0.221875 0.633333 0.43125 0.2 0.284966
0 0.278125 0.608333 0.45625 0.266667 0.665383
0 0.3625 0.654167 0.325 0.258333 0.649492
0 0.371875 0.654167 0.36875 0.258333 0.650948
0 0.346875 0.645833 0.46875 0.275 0.655085
0 0.471875 0.670833 0.40625 0.241667 0.646837
0 0.44375 0.679167 0.375 0.241667 0.756108
0 0.3875 0.645833 0.5125 0.291667 0.805955
0 0.4875 0.6375 0.35 0.241667 0.859876
0 0.428125 0.620833 0.44375 0.258333 0.479962
0 0.440625 0.629167 0.38125 0.258333 0.689649
0 0.40625 0.579167 0.3375 0.241667 0.690699
0 0.434375 0.566667 0.36875 0.25 0.252178
0 0.428125 0.570833 0.36875 0.241667 0.291139
0 0.346875 0.754167 0.28125 0.258333 0.280603
0 0.13125 0.320833 0.2625 0.125 0.256664
0 0.290625 0.6625 0.29375 0.275 0.284125
0 0.528125 0.65 0.36875 0.2 0.364328
0 0.63125 0.475 0.35 0.2 0.455307
0 0.046875 0.0791667 0.09375 0.158333 0.481405
1 0.23125 0.641667 0.175 0.266667 0.63777
1 0.228125 0.558333 0.18125 0.266667 0.544024
1 0.25625 0.541667 0.2125 0.266667 0.655135
1 0.503125 0.616667 0.19375 0.233333 0.531602
1 0.6125 0.554167 0.225 0.225 0.474973
1 0.765625 0.383333 0.25625 0.616667 0.323852
1 0.865625 0.404167 0.26875 0.575 0.424886
0 0.94375 0.8375 0.1125 0.325 0.276523
1 0.896875 0.2125 0.11875 0.225 0.390336
1 0.690625 0.729167 0.38125 0.541667 0.302287
1 0.84375 0.245833 0.1 0.225 0.44844
1 0.346875 0.8125 0.25625 0.375 0.625079
1 0.80625 0.216667 0.1 0.266667 0.329056
1 0.871875 0.758333 0.25625 0.45 0.356173
1 0.059375 0.666667 0.11875 0.633333 0.322719
1 0.134375 0.495833 0.26875 0.975 0.364514
1 0.265625 0.5125 0.43125 0.975 0.435955
1 0.18125 0.666667 0.2625 0.633333 0.278135
1 0.26875 0.570833 0.25 0.841667 0.667094
1 0.26875 0.708333 0.2875 0.583333 0.78113
1 0.7875 0.35 0.2125 0.233333 0.584723
1 0.434375 0.754167 0.28125 0.491667 0.590206
1 0.796875 0.375 0.13125 0.2 0.502502
1 0.453125 0.675 0.24375 0.65 0.600455
1 0.14375 0.716667 0.2875 0.566667 0.351337
0 0.740625 0.604167 0.39375 0.158333 0.476185
0 0.09375 0.783333 0.1875 0.266667 0.275241
0 0.153125 0.741667 0.30625 0.283333 0.520282
0 0.04375 0.783333 0.0875 0.2 0.529478
0 0.05625 0.7375 0.1125 0.208333 0.304528
0 0.0375 0.733333 0.075 0.25 0.296141
1 0.075 0.716667 0.15 0.2 0.371976
0 0.075 0.716667 0.15 0.2 0.404987
0 0.596875 0.758333 0.24375 0.2 0.327359
0 0.0625 0.7875 0.125 0.225 0.588006
0 0.309375 0.716667 0.30625 0.25 0.357821
0 0.03125 0.7 0.0625 0.216667 0.268498
0 0.396875 0.679167 0.51875 0.258333 0.38085
0 0.05 0.704167 0.1 0.208333 0.492326
0 0.45 0.6875 0.5375 0.241667 0.482152
0 0.059375 0.708333 0.11875 0.2 0.677083
0 0.278125 0.675 0.20625 0.25 0.255473
0 0.409375 0.683333 0.46875 0.25 0.468316
0 0.05625 0.7 0.1125 0.2 0.659894
0 0.29375 0.733333 0.525 0.266667 0.409699
0 0.18125 0.6625 0.3125 0.275 0.344208
0 0.153125 0.666667 0.30625 0.266667 0.608991
0 0.15 0.729167 0.3 0.258333 0.650552
0 0.1375 0.754167 0.275 0.258333 0.354449
0 0.29375 0.829167 0.3375 0.258333 0.373475
0 0.234375 0.779167 0.41875 0.191667 0.250038
0 0.209375 0.779167 0.39375 0.191667 0.382407
0 0.196875 0.525 0.18125 0.183333 0.357598
1 0.2 0.4625 0.125 0.191667 0.326603
1 0.184375 0.4375 0.13125 0.225 0.633549
1 0.178125 0.483333 0.15625 0.216667 0.497122
1 0.83125 0.566667 0.3125 0.866667 0.252442
1 0.05 0.2 0.1 0.4 0.743855
1 0.428125 0.666667 0.29375 0.666667 0.787384
1 0.153125 0.8125 0.26875 0.375 0.313951
1 0.13125 0.629167 0.2625 0.741667 0.573488
1 0.115625 0.625 0.23125 0.616667 0.579991
1 0.109375 0.3625 0.21875 0.725 0.316153
1 0.10625 0.6 0.2125 0.566667 0.485436
0 0.08125 0.920833 0.1625 0.158333 0.266446
0 0.275 0.933333 0.3625 0.133333 0.436203
0 0.325 0.9125 0.2875 0.175 0.516561
0 0.378125 0.891667 0.33125 0.2 0.399127
0 0.390625 0.8875 0.33125 0.208333 0.441469
0 0.390625 0.879167 0.31875 0.208333 0.327922
0 0.334375 0.841667 0.45625 0.233333 0.320177
0 0.065625 0.416667 0.11875 0.116667 0.259619
0 0.46875 0.925 0.35 0.15 0.289167
0 0.1625 0.895833 0.25 0.208333 0.411103
1 0.040625 0.795833 0.08125 0.408333 0.676206
1 0.459375 0.720833 0.19375 0.275 0.338572
0 0.146875 0.908333 0.25625 0.183333 0.462867
0 0.15 0.904167 0.2625 0.191667 0.62093
0 0.15 0.904167 0.2625 0.191667 0.617166
0 0.146875 0.9125 0.26875 0.175 0.642164
0 0.121875 0.920833 0.23125 0.158333 0.610601
0 0.1125 0.920833 0.2125 0.158333 0.720614
0 0.11875 0.929167 0.225 0.141667 0.708215
0 0.159375 0.929167 0.31875 0.141667 0.696872
0 0.15 0.933333 0.3 0.133333 0.3955
0 0.1125 0.191667 0.225 0.166667 0.61793
0 0.23125 0.566667 0.4625 0.3 0.497184
0 0.325 0.245833 0.3375 0.191667 0.589236
0 0.425 0.920833 0.2 0.158333 0.302137
0 0.6 0.45 0.0875 0.116667 0.4104
0 0.253125 0.466667 0.49375 0.35 0.474462
0 0.353125 0.145833 0.28125 0.158333 0.524837
0 0.30625 0.166667 0.275 0.166667 0.531096
0 0.24375 0.479167 0.4875 0.341667 0.535257
0 0.071875 0.8 0.14375 0.2 0.743302
0 0.06875 0.820833 0.1375 0.191667 0.753759
0 0.2375 0.7125 0.1625 0.191667 0.458149
0 0.759375 0.5875 0.44375 0.225 0.501754
0 0.31875 0.679167 0.1625 0.191667 0.618243
0 0.7375 0.608333 0.425 0.216667 0.378496
0 0.31875 0.704167 0.15 0.191667 0.388952
0 0.121875 0.704167 0.14375 0.191667 0.529626
0 0.534375 0.629167 0.41875 0.225 0.570105
0 0.56875 0.525 0.4 0.2 0.324192
0 0.609375 0.533333 0.38125 0.183333 0.357342
1 0.25 0.7125 0.15 0.191667 0.349978
0 0.690625 0.620833 0.40625 0.241667 0.5436
1 0.290625 0.7125 0.16875 0.191667 0.555564
0 0.74375 0.616667 0.3875 0.216667 0.714771
0 0.184375 0.7625 0.14375 0.208333 0.445603
0 0.603125 0.666667 0.43125 0.2 0.659494
0 0.528125 0.658333 0.49375 0.233333 0.671488
0 0.121875 0.716667 0.14375 0.2 0.7376
0 0.653125 0.6625 0.30625 0.191667 0.508158
0 0.45625 0.658333 0.3625 0.25 0.695596
0 0.10625 0.720833 0.175 0.191667 0.751449
0 0.525 0.654167 0.4875 0.208333 0.660336
0 0.071875 0.720833 0.14375 0.191667 0.774318
0 0.234375 0.7 0.24375 0.25 0.330965
0 0.43125 0.695833 0.4875 0.208333 0.719176
0 0.096875 0.679167 0.19375 0.258333 0.400279
0 0.2375 0.695833 0.4125 0.225 0.631176
0 0.0375 0.695833 0.075 0.258333 0.300781
0 0.1625 0.7125 0.3125 0.225 0.762373
0 0.0375 0.654167 0.075 0.258333 0.288084
0 0.18125 0.6625 0.3625 0.208333 0.751451
0 0.0625 0.716667 0.125 0.25 0.441621
0 0.190625 0.725 0.35625 0.2 0.773429
0 0.0625 0.7125 0.125 0.258333 0.595807
0 0.190625 0.725 0.35625 0.2 0.787527
0 0.065625 0.7 0.13125 0.25 0.438617
0 0.2125 0.716667 0.4 0.216667 0.806832
0 0.340625 0.7625 0.48125 0.258333 0.694939
0 0.20625 0.75 0.2375 0.25 0.748954
0 0.275 0.770833 0.2375 0.258333 0.375135
0 0.034375 0.808333 0.06875 0.216667 0.415146
0 0.425 0.770833 0.5125 0.258333 0.692883
0 0.20625 0.895833 0.2625 0.208333 0.499565
0 0.20625 0.895833 0.2625 0.208333 0.529404
0 0.175 0.895833 0.2375 0.208333 0.386443
0 0.31875 0.916667 0.4625 0.166667 0.284509
0 0.178125 0.9 0.26875 0.2 0.341845
0 0.18125 0.9125 0.2875 0.175 0.574269
0 0.18125 0.9125 0.3 0.175 0.282487
0 0.178125 0.920833 0.30625 0.158333 0.299012
0 0.171875 0.925 0.31875 0.15 0.274025
0 0.05625 0.479167 0.1 0.108333 0.264128
0 0.1625 0.929167 0.3125 0.141667 0.451618
0 0.16875 0.925 0.3125 0.15 0.250185
0 0.16875 0.925 0.3125 0.15 0.32492
1 0.078125 0.9125 0.13125 0.175 0.314789
1 0.221875 0.8125 0.24375 0.375 0.360291
0 0.18125 0.920833 0.3375 0.158333 0.294823
1 0.575 0.8 0.25 0.4 0.472377
0 0.109375 0.420833 0.10625 0.108333 0.252059
0 0.01875 0.8 0.0375 0.266667 0.291535
1 0.1875 0.741667 0.2875 0.483333 0.896354
1 0.928125 0.854167 0.14375 0.291667 0.781989
0 0.3375 0.604167 0.4125 0.258333 0.338309
0 0.20625 0.395833 0.3375 0.175 0.420348
0 0.190625 0.375 0.31875 0.15 0.311668
0 0.075 0.6375 0.15 0.191667 0.380632
0 0.078125 0.654167 0.15625 0.208333 0.35625
0 0.278125 0.375 0.28125 0.266667 0.438994
0 0.43125 0.7625 0.2875 0.241667 0.312843
0 0.234375 0.758333 0.31875 0.266667 0.602549
