0 0.671875 0.375 0.15625 0.266667 0.429247
0 0.684375 0.379167 0.14375 0.275 0.286125
0 0.684375 0.375 0.13125 0.283333 0.425745
1 0.759375 0.375 0.21875 0.533333 0.262691
0 0.68125 0.3875 0.15 0.275 0.25895
1 0.853125 0.333333 0.20625 0.55 0.284213
0 0.66875 0.379167 0.15 0.275 0.44488
0 0.68125 0.383333 0.15 0.266667 0.372101
0 0.675 0.383333 0.15 0.266667 0.356612
0 0.678125 0.383333 0.14375 0.266667 0.327161
0 0.678125 0.383333 0.15625 0.266667 0.300296
0 0.68125 0.3875 0.15 0.258333 0.251032
0 0.678125 0.383333 0.15625 0.266667 0.255881
0 0.678125 0.383333 0.15625 0.266667 0.268879
0 0.675 0.383333 0.15 0.25 0.25713
0 0.66875 0.379167 0.15 0.275 0.540198
0 0.671875 0.379167 0.14375 0.275 0.635099
0 0.671875 0.379167 0.14375 0.275 0.584117
0 0.66875 0.375 0.15 0.266667 0.282245
0 0.665625 0.375 0.16875 0.266667 0.425415
0 0.665625 0.370833 0.18125 0.275 0.310131
0 0.68125 0.375 0.15 0.283333 0.273387
1 0.80625 0.316667 0.125 0.566667 0.508016
1 0.89375 0.325 0.1625 0.583333 0.503772
1 0.85 0.7 0.175 0.4 0.325414
1 0.81875 0.616667 0.0875 0.516667 0.295183
0 0.671875 0.375 0.13125 0.283333 0.30268
1 0.4125 0.608333 0.3125 0.766667 0.421712
1 0.525 0.754167 0.1875 0.475 0.435687
1 0.1125 0.820833 0.225 0.358333 0.673688
