0 0.21875 0.6375 0.2 0.341667 0.394055
0 0.225 0.645833 0.225 0.341667 0.341669
0 0.2125 0.6625 0.2 0.341667 0.573134
0 0.184375 0.7 0.21875 0.333333 0.282141
1 0.24375 0.729167 0.2125 0.341667 0.328292
0 0.24375 0.729167 0.2125 0.341667 0.507156
0 0.278125 0.695833 0.19375 0.341667 0.475974
1 0.278125 0.6875 0.23125 0.358333 0.269259
1 0.325 0.683333 0.225 0.333333 0.304618
0 0.33125 0.683333 0.2 0.35 0.268197
1 0.325 0.675 0.225 0.333333 0.507437
0 0.365625 0.670833 0.21875 0.341667 0.697328
1 0.521875 0.6625 0.23125 0.341667 0.41464
0 0.646875 0.6625 0.19375 0.341667 0.313062
0 0.63125 0.6625 0.2 0.325 0.506797
0 0.625 0.658333 0.2125 0.333333 0.482567
0 0.615625 0.65 0.14375 0.316667 0.300249
1 0.646875 0.604167 0.13125 0.308333 0.265354
1 0.6125 0.6125 0.175 0.308333 0.33452
0 0.571875 0.6 0.23125 0.3 0.678145
0 0.565625 0.591667 0.21875 0.3 0.683639
0 0.55625 0.5875 0.2125 0.308333 0.565853
0 0.51875 0.591667 0.175 0.3 0.515275
0 0.353125 0.591667 0.18125 0.3 0.450103
0 0.24375 0.583333 0.1875 0.3 0.579533
0 0.259375 0.5875 0.18125 0.308333 0.532407
0 0.290625 0.579167 0.19375 0.308333 0.699286
0 0.325 0.5875 0.175 0.308333 0.528385
0 0.353125 0.629167 0.11875 0.308333 0.513743
0 0.253125 0.604167 0.26875 0.308333 0.614603
1 0.296875 0.5875 0.26875 0.308333 0.316113
0 0.30625 0.5875 0.275 0.308333 0.628618
1 0.3125 0.595833 0.2625 0.308333 0.275601
0 0.309375 0.595833 0.25625 0.308333 0.870615
1 0.309375 0.591667 0.28125 0.3 0.302397
0 0.315625 0.5875 0.26875 0.308333 0.892743
0 0.265625 0.5875 0.26875 0.325 0.807562
1 0.290625 0.604167 0.25625 0.325 0.410704
0 0.2875 0.6 0.275 0.333333 0.899269
0 0.271875 0.595833 0.26875 0.341667 0.877399
0 0.253125 0.620833 0.26875 0.341667 0.909176
0 0.25 0.641667 0.2625 0.35 0.808474
0 0.259375 0.629167 0.25625 0.341667 0.577554
1 0.23125 0.608333 0.25 0.35 0.272628
0 0.2375 0.608333 0.25 0.333333 0.841253
0 0.203125 0.616667 0.25625 0.35 0.765729
0 0.196875 0.608333 0.25625 0.35 0.880117
0 0.203125 0.6 0.25625 0.35 0.838089
0 0.184375 0.5875 0.24375 0.341667 0.754805
0 0.184375 0.591667 0.24375 0.35 0.747264
0 0.1875 0.608333 0.25 0.35 0.913266
0 0.290625 0.629167 0.13125 0.358333 0.364605
0 0.221875 0.633333 0.21875 0.35 0.71798
1 0.303125 0.679167 0.23125 0.341667 0.341485
0 0.3 0.679167 0.2375 0.341667 0.830502
1 0.3 0.670833 0.25 0.341667 0.347685
0 0.3 0.670833 0.2625 0.341667 0.854926
1 0.290625 0.675 0.24375 0.333333 0.25879
0 0.290625 0.670833 0.25625 0.341667 0.922018
0 0.275 0.645833 0.25 0.341667 0.832327
0 0.259375 0.645833 0.24375 0.358333 0.75105
0 0.23125 0.6375 0.2375 0.325 0.694022
0 0.275 0.629167 0.125 0.358333 0.357942
0 0.1875 0.629167 0.2625 0.308333 0.8054
0 0.178125 0.625 0.25625 0.316667 0.839237
0 0.178125 0.641667 0.23125 0.3 0.429306
0 0.2 0.6625 0.25 0.291667 0.653677
0 0.21875 0.679167 0.2625 0.291667 0.786972
0 0.259375 0.691667 0.24375 0.3 0.713523
0 0.246875 0.716667 0.25625 0.3 0.652366
0 0.2625 0.704167 0.1875 0.308333 0.401054
0 0.290625 0.720833 0.26875 0.291667 0.638955
0 0.375 0.720833 0.275 0.291667 0.707021
0 0.484375 0.729167 0.25625 0.275 0.529427
0 0.48125 0.716667 0.3 0.283333 0.426504
0 0.521875 0.654167 0.26875 0.291667 0.624648
0 0.6 0.645833 0.1375 0.308333 0.256675
0 0.53125 0.5875 0.2625 0.291667 0.321125
0 0.553125 0.633333 0.24375 0.3 0.303689
0 0.521875 0.658333 0.25625 0.3 0.743296
0 0.528125 0.670833 0.30625 0.291667 0.405848
0 0.5375 0.670833 0.175 0.291667 0.257351
0 0.521875 0.666667 0.20625 0.3 0.261412
0 0.5 0.675 0.3125 0.3 0.427462
0 0.596875 0.7 0.11875 0.3 0.290784
0 0.490625 0.683333 0.31875 0.283333 0.328466
0 0.4875 0.679167 0.3125 0.275 0.422578
0 0.5125 0.666667 0.25 0.3 0.487689
0 0.53125 0.6625 0.3125 0.291667 0.647143
0 0.53125 0.654167 0.3 0.291667 0.425039
0 0.596875 0.666667 0.13125 0.3 0.289586
0 0.55625 0.654167 0.1875 0.308333 0.839337
0 0.440625 0.6625 0.20625 0.308333 0.76078
1 0.70625 0.629167 0.175 0.725 0.400898
0 0.509375 0.654167 0.25625 0.308333 0.721068
0 0.515625 0.654167 0.26875 0.308333 0.804565
1 0.784375 0.625 0.20625 0.7 0.820763
0 0.509375 0.658333 0.24375 0.3 0.576196
0 0.534375 0.658333 0.20625 0.316667 0.70197
1 0.084375 0.7875 0.16875 0.425 0.403278
0 0.55 0.716667 0.125 0.3 0.440535
0 0.453125 0.720833 0.28125 0.308333 0.625339
0 0.40625 0.7125 0.3 0.308333 0.303573
0 0.503125 0.716667 0.11875 0.3 0.312647
0 0.46875 0.716667 0.2625 0.3 0.563033
0 0.54375 0.7375 0.125 0.308333 0.259396
0 0.45 0.733333 0.3 0.3 0.542956
0 0.546875 0.745833 0.13125 0.291667 0.258233
0 0.45 0.745833 0.3125 0.291667 0.385036
0 0.44375 0.770833 0.2625 0.275 0.402756
0 0.540625 0.791667 0.10625 0.283333 0.288066
0 0.43125 0.7875 0.25 0.291667 0.361341
0 0.38125 0.754167 0.1125 0.291667 0.36279
0 0.346875 0.708333 0.11875 0.3 0.390119
0 0.121875 0.595833 0.16875 0.291667 0.295849
0 0.1125 0.6125 0.1625 0.308333 0.326266
0 0.0875 0.5625 0.175 0.308333 0.350095
0 0.065625 0.541667 0.13125 0.316667 0.699445
0 0.071875 0.529167 0.14375 0.308333 0.530093
0 0.084375 0.4375 0.16875 0.325 0.375979
0 0.30625 0.525 0.1 0.316667 0.272591
0 0.328125 0.533333 0.11875 0.316667 0.312431
0 0.34375 0.475 0.25 0.283333 0.372822
0 0.378125 0.466667 0.10625 0.316667 0.265883
0 0.328125 0.4625 0.10625 0.325 0.285959
0 0.6125 0.645833 0.125 0.325 0.427003
0 0.678125 0.6625 0.10625 0.325 0.280096
0 0.71875 0.675 0.2875 0.316667 0.753301
0 0.715625 0.670833 0.28125 0.308333 0.68538
0 0.69375 0.6625 0.325 0.308333 0.575162
0 0.75 0.641667 0.175 0.316667 0.447591
0 0.75625 0.645833 0.1625 0.325 0.488142
0 0.7625 0.641667 0.1125 0.316667 0.293998
0 0.671875 0.633333 0.29375 0.316667 0.410823
0 0.665625 0.633333 0.26875 0.333333 0.501675
0 0.678125 0.625 0.25625 0.3 0.263472
0 0.68125 0.633333 0.2375 0.316667 0.555454
0 0.675 0.620833 0.2375 0.291667 0.49582
0 0.65625 0.629167 0.2875 0.291667 0.493179
0 0.6625 0.625 0.2875 0.283333 0.584972
0 0.675 0.625 0.2875 0.3 0.845747
0 0.66875 0.633333 0.2875 0.3 0.910318
0 0.671875 0.6375 0.28125 0.308333 0.937583
0 0.6625 0.6375 0.275 0.308333 0.861773
0 0.65625 0.65 0.2875 0.3 0.835478
0 0.646875 0.654167 0.29375 0.291667 0.824511
0 0.65 0.654167 0.3 0.291667 0.779728
0 0.653125 0.65 0.30625 0.3 0.83444
0 0.65 0.641667 0.3 0.3 0.81683
0 0.65 0.65 0.3 0.3 0.795987
0 0.64375 0.654167 0.2875 0.291667 0.836718
0 0.646875 0.654167 0.29375 0.291667 0.819908
0 0.640625 0.666667 0.29375 0.283333 0.770826
0 0.634375 0.658333 0.29375 0.3 0.821928
0 0.634375 0.654167 0.29375 0.308333 0.863401
0 0.6375 0.654167 0.3 0.308333 0.867827
0 0.6375 0.6625 0.2875 0.291667 0.735697
0 0.621875 0.654167 0.29375 0.291667 0.822831
0 0.63125 0.658333 0.3 0.3 0.742827
0 0.634375 0.666667 0.29375 0.3 0.757663
0 0.6375 0.670833 0.3 0.291667 0.80043
0 0.6375 0.675 0.3 0.283333 0.855222
0 0.63125 0.666667 0.3 0.283333 0.77232
0 0.621875 0.6625 0.30625 0.291667 0.784625
0 0.628125 0.658333 0.30625 0.3 0.776457
0 0.634375 0.658333 0.30625 0.3 0.815778
0 0.615625 0.658333 0.30625 0.3 0.758756
0 0.6125 0.645833 0.3125 0.308333 0.817704
0 0.609375 0.654167 0.30625 0.291667 0.734656
0 0.63125 0.654167 0.3 0.291667 0.819509
0 0.646875 0.6625 0.29375 0.291667 0.721308
0 0.6375 0.654167 0.3 0.308333 0.775149
0 0.634375 0.658333 0.30625 0.3 0.758057
0 0.621875 0.658333 0.30625 0.3 0.796154
0 0.621875 0.658333 0.30625 0.3 0.784222
0 0.615625 0.658333 0.30625 0.3 0.711368
0 0.609375 0.654167 0.29375 0.291667 0.740753
0 0.6125 0.6625 0.3 0.291667 0.752671
0 0.6125 0.6625 0.3 0.291667 0.743604
0 0.609375 0.6625 0.30625 0.291667 0.770456
0 0.609375 0.666667 0.30625 0.283333 0.785432
0 0.609375 0.6625 0.30625 0.291667 0.750973
0 0.609375 0.658333 0.30625 0.3 0.763309
0 0.609375 0.6625 0.30625 0.291667 0.759244
0 0.6125 0.6625 0.3 0.291667 0.736854
0 0.60625 0.666667 0.3 0.283333 0.740882
0 0.60625 0.658333 0.3125 0.3 0.749337
0 0.60625 0.654167 0.3125 0.308333 0.823453
0 0.615625 0.65 0.24375 0.3 0.773991
1 0.728125 0.666667 0.20625 0.666667 0.841877
0 0.5125 0.708333 0.2375 0.3 0.854496
1 0.821875 0.645833 0.20625 0.708333 0.547998
0 0.53125 0.704167 0.2625 0.308333 0.905007
0 0.515625 0.6875 0.29375 0.275 0.777446
1 0.925 0.645833 0.15 0.708333 0.886999
1 0.95625 0.625 0.0875 0.75 0.608334
0 0.51875 0.6875 0.2875 0.275 0.742516
1 0.96875 0.708333 0.0625 0.566667 0.571987
0 0.521875 0.683333 0.29375 0.283333 0.748678
1 0.9625 0.704167 0.075 0.591667 0.498078
0 0.51875 0.683333 0.3 0.283333 0.832349
0 0.51875 0.683333 0.3 0.283333 0.706631
0 0.5 0.670833 0.3 0.291667 0.79268
0 0.4875 0.683333 0.3 0.283333 0.885315
0 0.415625 0.670833 0.29375 0.291667 0.744672
0 0.36875 0.629167 0.3125 0.308333 0.526019
0 0.29375 0.666667 0.2875 0.3 0.777328
0 0.21875 0.591667 0.2875 0.316667 0.563998
0 0.090625 0.533333 0.18125 0.3 0.685415
0 0.0625 0.5125 0.125 0.308333 0.355093
0 0.04375 0.466667 0.0875 0.316667 0.318192
1 0.0375 0.4625 0.075 0.325 0.328609
0 0.04375 0.5 0.0875 0.3 0.28319
1 0.065625 0.366667 0.13125 0.733333 0.494942
