1 0.88125 0.704167 0.2375 0.591667 0.330011
0 0.65 0.354167 0.625 0.525 0.3826
0 0.0875 0.108333 0.175 0.216667 0.306201
0 0.240625 0.1375 0.45625 0.258333 0.355501
0 0.640625 0.370833 0.60625 0.508333 0.603356
0 0.26875 0.116667 0.3875 0.233333 0.287899
0 0.65 0.35 0.6125 0.55 0.361421
1 0.88125 0.683333 0.2375 0.633333 0.371537
0 0.284375 0.145833 0.44375 0.158333 0.285795
1 0.9 0.704167 0.2 0.591667 0.598514
0 0.63125 0.295833 0.4625 0.591667 0.267711
1 0.940625 0.554167 0.11875 0.375 0.468956
1 0.94375 0.495833 0.1125 0.358333 0.4245
1 0.9375 0.675 0.125 0.65 0.323887
1 0.53125 0.658333 0.225 0.666667 0.335932
1 0.940625 0.4875 0.11875 0.375 0.461778
1 0.80625 0.266667 0.3875 0.533333 0.25725
1 0.265625 0.7 0.19375 0.6 0.569818
1 0.425 0.708333 0.1375 0.583333 0.39873
0 0.453125 0.170833 0.25625 0.308333 0.284298
1 0.940625 0.804167 0.11875 0.391667 0.341761
1 0.828125 0.6375 0.34375 0.725 0.291025
1 0.371875 0.504167 0.31875 0.991667 0.622715
1 0.165625 0.516667 0.33125 0.966667 0.70291
1 0.78125 0.5 0.325 1 0.26423
1 0.553125 0.558333 0.40625 0.883333 0.382024
1 0.640625 0.5875 0.38125 0.825 0.52251
1 0.65 0.595833 0.375 0.808333 0.498434
1 0.253125 0.5375 0.50625 0.925 0.454393
1 0.921875 0.741667 0.15625 0.516667 0.687574
1 0.25 0.504167 0.325 0.975 0.422025
1 0.090625 0.8 0.18125 0.4 0.776683
1 0.065625 0.691667 0.13125 0.616667 0.273857
1 0.134375 0.483333 0.21875 0.966667 0.52561
1 0.5 0.65 0.075 0.7 0.260631
1 0.078125 0.791667 0.15625 0.416667 0.860081
1 0.221875 0.595833 0.23125 0.758333 0.260594
1 0.759375 0.5 0.48125 1 0.274379
1 0.084375 0.7875 0.16875 0.425 0.843068
1 0.084375 0.783333 0.16875 0.433333 0.851297
1 0.171875 0.4625 0.31875 0.925 0.318241
1 0.775 0.5 0.45 1 0.554979
1 0.08125 0.795833 0.1625 0.408333 0.861581
1 0.775 0.5 0.45 1 0.319487
1 0.084375 0.783333 0.16875 0.433333 0.861299
1 0.06875 0.829167 0.1375 0.341667 0.80193
1 0.759375 0.5 0.48125 1 0.259025
1 0.0625 0.8375 0.125 0.325 0.736418
1 0.134375 0.5 0.26875 1 0.291949
1 0.228125 0.504167 0.23125 0.958333 0.367503
1 0.096875 0.741667 0.19375 0.516667 0.793147
1 0.3125 0.579167 0.5 0.841667 0.385471
1 0.91875 0.720833 0.1625 0.558333 0.556825
0 0.11875 0.6125 0.2375 0.275 0.426147
1 0.840625 0.466667 0.31875 0.933333 0.353865
1 0.765625 0.466667 0.34375 0.933333 0.28771
0 0.153125 0.75 0.28125 0.266667 0.718525
0 0.46875 0.658333 0.275 0.266667 0.479674
0 0.434375 0.658333 0.25625 0.266667 0.431212
0 0.375 0.670833 0.2625 0.258333 0.553549
0 0.378125 0.666667 0.25625 0.266667 0.656138
0 0.3875 0.679167 0.25 0.258333 0.676369
0 0.375 0.679167 0.225 0.258333 0.554414
0 0.39375 0.683333 0.2375 0.266667 0.495132
0 0.4125 0.670833 0.225 0.258333 0.400102
0 0.375 0.666667 0.25 0.266667 0.710856
0 0.31875 0.691667 0.275 0.266667 0.295697
0 0.31875 0.683333 0.25 0.266667 0.505539
0 0.271875 0.679167 0.26875 0.275 0.570081
1 0.740625 0.4875 0.30625 0.958333 0.43364
1 0.734375 0.529167 0.30625 0.941667 0.543499
1 0.725 0.533333 0.3125 0.933333 0.567205
1 0.625 0.541667 0.3375 0.916667 0.636111
