1 0.396875 0.379167 0.21875 0.558333 0.523327
1 0.709375 0.3625 0.15625 0.291667 0.259187
0 0.70625 0.358333 0.1625 0.283333 0.268401
0 0.878125 0.370833 0.11875 0.458333 0.264472
1 0.659375 0.675 0.20625 0.65 0.38214
1 0.878125 0.491667 0.24375 0.983333 0.384932
1 0.85625 0.6375 0.2375 0.725 0.474364
1 0.528125 0.516667 0.20625 0.833333 0.413319
1 0.565625 0.733333 0.30625 0.483333 0.50719
0 0.89375 0.4 0.175 0.4 0.594249
1 0.54375 0.745833 0.275 0.475 0.298158
1 0.4625 0.508333 0.3 0.766667 0.450695
0 0.890625 0.3875 0.18125 0.425 0.566249
0 0.878125 0.3875 0.14375 0.425 0.550868
1 0.31875 0.5 0.2375 0.683333 0.582603
0 0.871875 0.370833 0.11875 0.458333 0.50239
1 0.290625 0.55 0.25625 0.65 0.610812
0 0.86875 0.3625 0.1375 0.475 0.499333
1 0.865625 0.354167 0.14375 0.475 0.552509
1 0.184375 0.5375 0.21875 0.658333 0.589127
0 0.871875 0.358333 0.13125 0.483333 0.477937
1 0.86875 0.345833 0.1375 0.491667 0.61482
1 0.865625 0.35 0.15625 0.483333 0.435324
0 0.875 0.358333 0.125 0.483333 0.513008
1 0.8875 0.3375 0.175 0.491667 0.488915
1 0.875 0.341667 0.1875 0.466667 0.340162
0 0.875 0.35 0.1875 0.466667 0.371198
0 0.865625 0.333333 0.20625 0.433333 0.458188
1 0.8625 0.3375 0.2 0.475 0.546389
1 0.865625 0.329167 0.19375 0.491667 0.777264
1 0.86875 0.329167 0.2 0.508333 0.857032
1 0.878125 0.320833 0.18125 0.541667 0.844102
1 0.875 0.304167 0.15 0.558333 0.846186
1 0.875 0.3 0.15 0.566667 0.843589
1 0.88125 0.291667 0.1625 0.566667 0.760485
1 0.91875 0.291667 0.1375 0.583333 0.341837
1 0.946875 0.3 0.10625 0.6 0.522725
1 0.953125 0.304167 0.09375 0.608333 0.679664
1 0.9125 0.3 0.1125 0.6 0.271216
1 0.35 0.454167 0.1 0.425 0.291757
1 0.8375 0.329167 0.175 0.591667 0.865086
1 0.371875 0.45 0.14375 0.433333 0.253907
1 0.375 0.395833 0.275 0.675 0.256608
1 0.075 0.391667 0.15 0.5 0.276408
1 0.46875 0.4625 0.175 0.408333 0.385345
1 0.2125 0.441667 0.0875 0.366667 0.436754
0 0.6625 0.366667 0.2 0.266667 0.289668
1 0.71875 0.433333 0.15 0.416667 0.489586
1 0.803125 0.379167 0.18125 0.491667 0.475154
1 0.890625 0.3 0.14375 0.583333 0.759258
1 0.909375 0.304167 0.16875 0.608333 0.281583
1 0.8625 0.304167 0.1375 0.608333 0.48833
1 0.828125 0.316667 0.19375 0.633333 0.862032
1 0.721875 0.425 0.14375 0.433333 0.27845
1 0.76875 0.4375 0.1875 0.408333 0.473773
1 0.721875 0.45 0.11875 0.5 0.354604
1 0.678125 0.545833 0.20625 0.841667 0.48093
1 0.8625 0.466667 0.125 0.8 0.77527
1 0.7875 0.558333 0.1875 0.716667 0.279
