1 0.5125 0.570833 0.3375 0.308333 0.361539
0 0.509375 0.591667 0.35625 0.3 0.262973
1 0.51875 0.583333 0.325 0.283333 0.299459
0 0.525 0.654167 0.3 0.291667 0.320978
1 0.23125 0.6375 0.1875 0.725 0.775343
1 0.596875 0.708333 0.14375 0.583333 0.522591
0 0.409375 0.670833 0.20625 0.308333 0.584409
1 0.76875 0.641667 0.2 0.683333 0.806871
0 0.509375 0.6875 0.34375 0.291667 0.253895
0 0.5 0.679167 0.35 0.291667 0.355461
0 0.50625 0.691667 0.3625 0.283333 0.27747
0 0.509375 0.675 0.36875 0.3 0.319707
0 0.521875 0.716667 0.34375 0.3 0.291914
0 0.509375 0.716667 0.35625 0.283333 0.286631
0 0.4875 0.7375 0.3625 0.291667 0.818117
0 0.4875 0.741667 0.375 0.3 0.43982
0 0.4875 0.741667 0.3625 0.3 0.302302
1 0.053125 0.8625 0.09375 0.275 0.405317
0 0.453125 0.716667 0.35625 0.3 0.305727
0 0.5375 0.766667 0.3625 0.3 0.339272
1 0.034375 0.604167 0.06875 0.325 0.25834
1 0.053125 0.333333 0.10625 0.666667 0.415426
1 0.1 0.520833 0.2 0.308333 0.265699
1 0.040625 0.470833 0.08125 0.308333 0.384788
1 0.8875 0.354167 0.225 0.708333 0.369503
1 0.8875 0.358333 0.225 0.716667 0.4906
1 0.0375 0.4875 0.075 0.341667 0.282944
1 0.8875 0.354167 0.225 0.708333 0.399963
1 0.775 0.879167 0.275 0.241667 0.395227
1 0.45625 0.516667 0.4 0.9 0.461749
1 0.5 0.529167 0.3125 0.925 0.383149
0 0.671875 0.716667 0.29375 0.283333 0.30812
0 0.66875 0.675 0.25 0.3 0.294594
0 0.603125 0.6625 0.35625 0.291667 0.466634
0 0.278125 0.841667 0.06875 0.233333 0.282324
0 0.603125 0.675 0.33125 0.3 0.457513
0 0.621875 0.695833 0.26875 0.291667 0.693453
0 0.621875 0.7 0.25625 0.3 0.526738
0 0.5625 0.7125 0.3625 0.291667 0.365323
0 0.5625 0.7125 0.3375 0.291667 0.470654
0 0.5625 0.720833 0.325 0.291667 0.376132
0 0.5625 0.720833 0.3 0.291667 0.33822
0 0.56875 0.720833 0.3 0.291667 0.528516
1 0.85 0.679167 0.1625 0.641667 0.29914
0 0.6 0.741667 0.2125 0.4 0.252983
1 0.584375 0.679167 0.18125 0.591667 0.768909
0 0.5625 0.729167 0.3125 0.291667 0.427399
0 0.559375 0.729167 0.31875 0.291667 0.415827
0 0.55625 0.7375 0.325 0.291667 0.463976
0 0.5875 0.733333 0.3125 0.283333 0.474192
0 0.74375 0.583333 0.1875 0.316667 0.267322
1 0.06875 0.766667 0.1375 0.466667 0.395414
0 0.078125 0.320833 0.15625 0.291667 0.32817
1 0.103125 0.3375 0.20625 0.291667 0.307568
0 0.053125 0.3875 0.10625 0.308333 0.361455
