1 0.0375 0.333333 0.075 0.516667 0.369403
1 0.0625 0.558333 0.1 0.416667 0.523569
1 0.071875 0.541667 0.13125 0.416667 0.499267
1 0.90625 0.25 0.1875 0.483333 0.309417
1 0.903125 0.554167 0.19375 0.891667 0.327237
1 0.89375 0.308333 0.2125 0.616667 0.414723
1 0.89375 0.3 0.2125 0.6 0.298528
1 0.878125 0.3875 0.24375 0.675 0.288504
1 0.88125 0.320833 0.2375 0.641667 0.263662
1 0.071875 0.675 0.14375 0.366667 0.253149
1 0.846875 0.504167 0.30625 0.891667 0.575309
1 0.65625 0.520833 0.375 0.858333 0.719473
1 0.559375 0.55 0.33125 0.9 0.538558
1 0.35625 0.583333 0.35 0.816667 0.888197
1 0.4875 0.266667 0.25 0.533333 0.266048
1 0.359375 0.570833 0.46875 0.858333 0.687426
1 0.390625 0.425 0.44375 0.466667 0.337747
1 0.765625 0.45 0.19375 0.466667 0.794632
1 0.565625 0.641667 0.38125 0.716667 0.394254
1 0.940625 0.633333 0.10625 0.383333 0.661503
1 0.675 0.770833 0.1375 0.391667 0.794017
1 0.546875 0.758333 0.13125 0.366667 0.282867
1 0.525 0.745833 0.1 0.391667 0.51615
1 0.528125 0.729167 0.14375 0.408333 0.690412
1 0.63125 0.741667 0.1375 0.366667 0.765871
1 0.81875 0.6625 0.1125 0.508333 0.435819
1 0.7125 0.745833 0.1875 0.358333 0.500399
1 0.56875 0.7375 0.1625 0.391667 0.703367
1 0.384375 0.745833 0.09375 0.358333 0.424303
0 0.928125 0.8125 0.14375 0.191667 0.572
1 0.365625 0.733333 0.10625 0.333333 0.688367
0 0.940625 0.791667 0.11875 0.233333 0.72206
0 0.890625 0.795833 0.21875 0.258333 0.493794
1 0.471875 0.741667 0.13125 0.35 0.75157
0 0.85 0.7875 0.3 0.275 0.622597
1 0.5625 0.741667 0.125 0.366667 0.719367
0 0.8375 0.775 0.3 0.266667 0.720021
0 0.846875 0.75 0.25625 0.3 0.269519
1 0.81875 0.645833 0.25 0.491667 0.286342
1 0.86875 0.641667 0.2625 0.416667 0.639743
1 0.871875 0.566667 0.20625 0.533333 0.406652
1 0.88125 0.558333 0.2 0.533333 0.323572
0 0.85625 0.579167 0.175 0.358333 0.258393
1 0.859375 0.570833 0.18125 0.358333 0.281443
1 0.815625 0.6375 0.19375 0.358333 0.445685
1 0.853125 0.616667 0.26875 0.4 0.710278
1 0.86875 0.645833 0.2625 0.375 0.633997
1 0.875 0.65 0.25 0.4 0.783099
0 0.88125 0.666667 0.2375 0.366667 0.252259
1 0.875 0.65 0.25 0.4 0.744105
1 0.85625 0.583333 0.2625 0.366667 0.703023
0 0.890625 0.370833 0.21875 0.291667 0.667653
1 0.7375 0.466667 0.25 0.383333 0.683256
1 0.784375 0.454167 0.25625 0.375 0.797557
0 0.9 0.466667 0.2 0.3 0.279797
1 0.896875 0.408333 0.20625 0.4 0.552426
1 0.9 0.404167 0.2 0.408333 0.437407
1 0.878125 0.441667 0.24375 0.383333 0.746753
1 0.90625 0.395833 0.175 0.441667 0.283899
0 0.909375 0.383333 0.16875 0.3 0.461355
1 0.928125 0.320833 0.14375 0.441667 0.289695
1 0.921875 0.358333 0.15625 0.466667 0.521379
1 0.853125 0.35 0.28125 0.35 0.517975
1 0.665625 0.408333 0.24375 0.35 0.689277
1 0.040625 0.45 0.08125 0.433333 0.283705
1 0.675 0.383333 0.25 0.35 0.689481
1 0.85 0.304167 0.275 0.441667 0.377484
1 0.85625 0.379167 0.275 0.375 0.647614
1 0.809375 0.4 0.20625 0.416667 0.702078
0 0.840625 0.495833 0.18125 0.275 0.364963
0 0.8 0.391667 0.1875 0.283333 0.462267
0 0.975 0.216667 0.05 0.25 0.314649
0 0.953125 0.2625 0.09375 0.275 0.37582
