0 0.571875 0.375 0.15625 0.266667 0.353396
0 0.571875 0.375 0.15625 0.266667 0.374982
0 0.571875 0.370833 0.15625 0.275 0.373643
0 0.565625 0.375 0.16875 0.266667 0.347673
0 0.565625 0.370833 0.16875 0.275 0.319628
0 0.56875 0.370833 0.1625 0.275 0.317041
0 0.56875 0.375 0.1625 0.266667 0.286413
0 0.56875 0.375 0.1625 0.266667 0.290183
0 0.571875 0.370833 0.15625 0.275 0.275281
0 0.571875 0.370833 0.15625 0.275 0.286277
0 0.571875 0.370833 0.15625 0.275 0.275026
0 0.571875 0.370833 0.15625 0.275 0.345797
0 0.571875 0.370833 0.15625 0.275 0.312061
0 0.571875 0.370833 0.15625 0.275 0.320982
0 0.571875 0.370833 0.15625 0.275 0.360415
0 0.56875 0.370833 0.1625 0.275 0.31707
0 0.565625 0.370833 0.16875 0.275 0.32035
0 0.565625 0.370833 0.16875 0.275 0.301194
0 0.565625 0.375 0.16875 0.266667 0.251045
0 0.64375 0.445833 0.125 0.275 0.320462
0 0.64375 0.420833 0.125 0.275 0.272519
0 0.590625 0.45 0.14375 0.266667 0.365422
0 0.571875 0.366667 0.14375 0.266667 0.511924
0 0.571875 0.366667 0.14375 0.266667 0.49077
0 0.571875 0.3625 0.14375 0.275 0.409666
0 0.571875 0.3625 0.14375 0.275 0.405124
0 0.571875 0.358333 0.14375 0.266667 0.393081
0 0.571875 0.3625 0.14375 0.275 0.351767
0 0.571875 0.358333 0.14375 0.266667 0.417334
0 0.571875 0.3625 0.14375 0.275 0.334527
0 0.571875 0.358333 0.14375 0.266667 0.386225
0 0.571875 0.3625 0.14375 0.275 0.365467
0 0.571875 0.3625 0.14375 0.275 0.376848
0 0.56875 0.3625 0.1375 0.275 0.347599
0 0.56875 0.3625 0.1375 0.275 0.296229
0 0.56875 0.3625 0.1375 0.275 0.269834
1 0.06875 0.745833 0.1375 0.308333 0.383759
1 0.071875 0.804167 0.14375 0.391667 0.599096
1 0.071875 0.808333 0.14375 0.383333 0.630403
1 0.034375 0.795833 0.06875 0.408333 0.318141
1 0.034375 0.795833 0.06875 0.408333 0.418703
1 0.0375 0.8 0.075 0.4 0.581929
1 0.0375 0.795833 0.075 0.408333 0.513159
1 0.040625 0.795833 0.08125 0.408333 0.464498
1 0.0375 0.795833 0.075 0.408333 0.394416
1 0.0375 0.795833 0.075 0.408333 0.259165
1 0.0375 0.795833 0.075 0.408333 0.266278
1 0.04375 0.795833 0.0875 0.408333 0.762517
1 0.484375 0.7125 0.29375 0.575 0.295867
0 0.59375 0.325 0.2 0.283333 0.296289
0 0.596875 0.325 0.19375 0.283333 0.254838
0 0.8 0.408333 0.25 0.283333 0.470108
1 0.478125 0.333333 0.29375 0.583333 0.511205
1 0.06875 0.8375 0.1375 0.325 0.532469
1 0.13125 0.845833 0.2625 0.308333 0.747105
1 0.1125 0.841667 0.225 0.316667 0.75604
1 0.053125 0.841667 0.10625 0.316667 0.27621
