0 0.484375 0.604167 0.18125 0.258333 0.273313
0 0.634375 0.691667 0.10625 0.266667 0.322767
0 0.634375 0.675 0.13125 0.266667 0.419888
0 0.634375 0.641667 0.13125 0.266667 0.283794
0 0.63125 0.6625 0.125 0.258333 0.279564
0 0.64375 0.6875 0.1375 0.275 0.387928
0 0.625 0.7125 0.175 0.258333 0.410639
0 0.65625 0.695833 0.125 0.258333 0.268902
0 0.575 0.683333 0.2 0.266667 0.572299
0 0.56875 0.675 0.2 0.266667 0.670132
0 0.5625 0.666667 0.2 0.266667 0.673882
0 0.559375 0.666667 0.19375 0.266667 0.732561
0 0.55 0.666667 0.2 0.266667 0.732997
0 0.54375 0.666667 0.2 0.266667 0.464725
0 0.553125 0.683333 0.18125 0.266667 0.4767
0 0.553125 0.7125 0.20625 0.275 0.619265
0 0.56875 0.704167 0.225 0.275 0.591008
0 0.59375 0.7125 0.2125 0.275 0.501576
0 0.58125 0.708333 0.2125 0.266667 0.412104
0 0.559375 0.704167 0.19375 0.275 0.571257
0 0.534375 0.695833 0.20625 0.275 0.463769
0 0.5125 0.695833 0.1875 0.275 0.655914
0 0.465625 0.708333 0.20625 0.283333 0.719569
0 0.428125 0.725 0.19375 0.266667 0.701279
0 0.378125 0.716667 0.19375 0.266667 0.668686
0 0.371875 0.7 0.20625 0.283333 0.606543
0 0.38125 0.6875 0.1875 0.275 0.546957
0 0.371875 0.695833 0.21875 0.275 0.484703
0 0.428125 0.658333 0.20625 0.266667 0.35449
0 0.434375 0.654167 0.20625 0.275 0.32244
0 0.41875 0.641667 0.2 0.266667 0.472723
0 0.41875 0.641667 0.2 0.266667 0.320089
0 0.421875 0.633333 0.18125 0.266667 0.423214
0 0.4125 0.65 0.2 0.266667 0.473417
0 0.4125 0.641667 0.2 0.266667 0.330242
0 0.403125 0.641667 0.20625 0.266667 0.266534
0 0.403125 0.65 0.19375 0.266667 0.424367
0 0.41875 0.720833 0.225 0.258333 0.256159
1 0.659375 0.708333 0.20625 0.583333 0.349082
0 0.43125 0.704167 0.2 0.258333 0.280202
0 0.43125 0.704167 0.2125 0.258333 0.365361
0 0.41875 0.708333 0.1875 0.266667 0.393455
0 0.415625 0.708333 0.19375 0.266667 0.354858
0 0.415625 0.716667 0.19375 0.266667 0.382124
1 0.728125 0.65 0.11875 0.466667 0.616697
1 0.721875 0.65 0.11875 0.466667 0.709861
1 0.725 0.65 0.1125 0.466667 0.378821
1 0.71875 0.7125 0.125 0.575 0.509208
1 0.721875 0.7125 0.13125 0.575 0.618488
1 0.7125 0.704167 0.1375 0.541667 0.594505
1 0.728125 0.704167 0.11875 0.575 0.657815
1 0.74375 0.704167 0.1125 0.575 0.592539
1 0.725 0.7125 0.1375 0.575 0.613824
1 0.753125 0.704167 0.14375 0.558333 0.749177
1 0.796875 0.704167 0.15625 0.575 0.757189
1 0.828125 0.691667 0.18125 0.6 0.86768
1 0.9125 0.683333 0.1625 0.633333 0.595506
1 0.953125 0.666667 0.09375 0.666667 0.521354
0 0.40625 0.729167 0.2125 0.275 0.30628
1 0.928125 0.620833 0.14375 0.758333 0.591585
1 0.81875 0.5875 0.2625 0.808333 0.77822
1 0.6 0.575 0.2625 0.833333 0.736989
0 0.415625 0.704167 0.16875 0.258333 0.310672
1 0.29375 0.8 0.2 0.4 0.504418
0 0.4125 0.695833 0.1875 0.275 0.263581
1 0.396875 0.558333 0.11875 0.433333 0.374105
1 0.45 0.729167 0.2375 0.541667 0.296407
1 0.821875 0.566667 0.35625 0.866667 0.487942
