0 0.175 0.766667 0.3 0.216667 0.58432
0 0.203125 0.55 0.29375 0.233333 0.335642
0 0.265625 0.55 0.30625 0.233333 0.406883
0 0.309375 0.6125 0.30625 0.241667 0.351449
0 0.29375 0.570833 0.3 0.225 0.390306
0 0.290625 0.566667 0.30625 0.233333 0.418513
0 0.29375 0.5875 0.3 0.225 0.522373
0 0.290625 0.5875 0.30625 0.225 0.66079
0 0.2875 0.595833 0.3 0.225 0.63594
0 0.28125 0.608333 0.3125 0.233333 0.380638
0 0.278125 0.620833 0.31875 0.241667 0.478567
0 0.2875 0.641667 0.3 0.233333 0.597764
0 0.296875 0.65 0.29375 0.233333 0.682658
0 0.303125 0.658333 0.29375 0.233333 0.751527
0 0.28125 0.65 0.3125 0.233333 0.777704
0 0.290625 0.645833 0.28125 0.241667 0.679583
0 0.29375 0.654167 0.2625 0.241667 0.741033
0 0.328125 0.7125 0.28125 0.241667 0.800728
0 0.3375 0.770833 0.3125 0.241667 0.594859
0 0.35 0.820833 0.3 0.241667 0.491905
0 0.334375 0.8125 0.30625 0.241667 0.540824
0 0.321875 0.783333 0.30625 0.233333 0.814343
0 0.3125 0.783333 0.3 0.233333 0.838208
0 0.2875 0.8375 0.3375 0.258333 0.297392
0 0.284375 0.804167 0.30625 0.241667 0.409039
0 0.259375 0.825 0.28125 0.25 0.600236
0 0.24375 0.829167 0.2875 0.241667 0.392521
1 0.1125 0.708333 0.225 0.583333 0.43202
1 0.2375 0.670833 0.4375 0.658333 0.874532
0 0.171875 0.8375 0.26875 0.241667 0.853782
1 0.596875 0.579167 0.36875 0.808333 0.867048
0 0.2375 0.8375 0.275 0.241667 0.349012
0 0.215625 0.820833 0.21875 0.241667 0.529473
0 0.234375 0.8375 0.21875 0.241667 0.707818
0 0.228125 0.758333 0.16875 0.233333 0.495848
0 0.296875 0.770833 0.21875 0.258333 0.450265
0 0.265625 0.8 0.15625 0.233333 0.3649
0 0.24375 0.816667 0.175 0.233333 0.613277
0 0.2375 0.804167 0.1875 0.225 0.685362
0 0.25625 0.7875 0.2125 0.225 0.723916
0 0.23125 0.770833 0.2375 0.225 0.637204
0 0.215625 0.7875 0.24375 0.225 0.653959
1 0.703125 0.679167 0.38125 0.641667 0.561028
0 0.18125 0.829167 0.2375 0.225 0.710842
0 0.178125 0.408333 0.21875 0.45 0.264502
1 0.259375 0.729167 0.33125 0.541667 0.577509
0 0.275 0.766667 0.2375 0.233333 0.835431
0 0.271875 0.75 0.21875 0.233333 0.785251
0 0.275 0.745833 0.225 0.241667 0.785828
0 0.265625 0.745833 0.21875 0.241667 0.59781
0 0.28125 0.7375 0.225 0.241667 0.798769
0 0.2875 0.779167 0.2375 0.241667 0.804476
0 0.33125 0.808333 0.225 0.25 0.79855
0 0.325 0.8375 0.225 0.241667 0.814115
0 0.278125 0.795833 0.23125 0.241667 0.825575
0 0.275 0.8375 0.225 0.241667 0.778257
0 0.278125 0.833333 0.23125 0.233333 0.7424
0 0.278125 0.8375 0.24375 0.241667 0.748359
0 0.265625 0.854167 0.23125 0.241667 0.53049
0 0.26875 0.866667 0.2125 0.233333 0.477622
1 0.11875 0.75 0.2375 0.5 0.330298
1 0.125 0.629167 0.25 0.225 0.364113
1 0.434375 0.729167 0.28125 0.541667 0.958351
0 0.275 0.858333 0.2125 0.25 0.735817
1 0.6625 0.666667 0.3375 0.633333 0.947239
1 0.89375 0.533333 0.2125 0.716667 0.774954
0 0.309375 0.8 0.19375 0.25 0.805191
0 0.346875 0.7875 0.20625 0.241667 0.556196
0 0.353125 0.7875 0.19375 0.241667 0.703126
0 0.353125 0.754167 0.19375 0.241667 0.468485
0 0.35 0.7375 0.1875 0.258333 0.415485
0 0.31875 0.75 0.175 0.25 0.459077
0 0.3125 0.754167 0.175 0.258333 0.567199
0 0.35625 0.720833 0.1875 0.258333 0.657703
0 0.396875 0.725 0.18125 0.25 0.685194
0 0.38125 0.729167 0.1875 0.241667 0.685095
0 0.3625 0.725 0.1875 0.233333 0.83091
0 0.35 0.7125 0.2 0.225 0.781717
0 0.340625 0.695833 0.20625 0.225 0.657321
0 0.33125 0.691667 0.2125 0.233333 0.555313
0 0.321875 0.675 0.16875 0.216667 0.688234
0 0.3375 0.65 0.175 0.216667 0.765106
0 0.334375 0.6125 0.24375 0.225 0.449855
0 0.346875 0.595833 0.28125 0.225 0.628622
0 0.29375 0.575 0.2375 0.216667 0.574163
0 0.315625 0.5625 0.18125 0.225 0.573809
0 0.309375 0.570833 0.15625 0.208333 0.626859
0 0.328125 0.5625 0.18125 0.225 0.515766
0 0.303125 0.583333 0.15625 0.2 0.401676
0 0.275 0.579167 0.1625 0.208333 0.410169
0 0.228125 0.566667 0.18125 0.216667 0.604287
0 0.303125 0.583333 0.21875 0.216667 0.56506
0 0.259375 0.625 0.19375 0.216667 0.484021
1 0.0375 0.595833 0.075 0.541667 0.51987
1 0.059375 0.391667 0.11875 0.616667 0.267176
1 0.065625 0.591667 0.13125 0.233333 0.373457
1 0.08125 0.875 0.1625 0.25 0.70799
1 0.065625 0.741667 0.10625 0.5 0.263963
0 0.18125 0.8625 0.1875 0.275 0.36771
1 0.175 0.8375 0.1875 0.275 0.358148
0 0.175 0.8375 0.1875 0.275 0.462985
0 0.16875 0.8375 0.1875 0.275 0.41909
1 0.171875 0.833333 0.18125 0.283333 0.431062
1 0.0875 0.825 0.175 0.3 0.536274
0 0.0625 0.7 0.125 0.25 0.359291
1 0.06875 0.7 0.1375 0.25 0.429705
1 0.078125 0.629167 0.15625 0.275 0.462989
1 0.078125 0.675 0.15625 0.283333 0.475573
1 0.075 0.633333 0.15 0.333333 0.439699
1 0.059375 0.6125 0.11875 0.275 0.288997
0 0.215625 0.5375 0.18125 0.241667 0.676866
0 0.21875 0.604167 0.175 0.241667 0.613343
0 0.2875 0.6 0.1875 0.25 0.600548
0 0.271875 0.616667 0.16875 0.25 0.756766
0 0.271875 0.5875 0.15625 0.241667 0.764554
0 0.2625 0.6 0.15 0.25 0.455096
0 0.2375 0.5875 0.1375 0.258333 0.685897
0 0.1875 0.6125 0.15 0.258333 0.300125
0 0.171875 0.629167 0.16875 0.241667 0.721311
0 0.24375 0.641667 0.1875 0.233333 0.789596
0 0.259375 0.725 0.18125 0.216667 0.808547
0 0.246875 0.725 0.19375 0.216667 0.681861
0 0.234375 0.725 0.25625 0.233333 0.568096
0 0.225 0.745833 0.2625 0.225 0.614798
0 0.228125 0.816667 0.26875 0.233333 0.471458
0 0.2125 0.8125 0.25 0.241667 0.607186
0 0.221875 0.808333 0.26875 0.233333 0.4245
0 0.19375 0.875 0.2625 0.233333 0.391897
1 0.09375 0.779167 0.1875 0.441667 0.515822
1 0.290625 0.733333 0.26875 0.533333 0.954807
0 0.196875 0.875 0.24375 0.233333 0.287132
1 0.775 0.6375 0.3125 0.708333 0.895826
1 0.9625 0.716667 0.075 0.533333 0.313777
0 0.209375 0.795833 0.29375 0.225 0.424094
1 0.615625 0.5375 0.21875 0.925 0.506558
0 0.190625 0.783333 0.29375 0.216667 0.813962
0 0.059375 0.7625 0.11875 0.191667 0.605035
0 0.0625 0.716667 0.125 0.2 0.645167
0 0.065625 0.708333 0.13125 0.216667 0.485454
0 0.046875 0.720833 0.09375 0.191667 0.619343
0 0.04375 0.7125 0.0875 0.225 0.539337
0 0.03125 0.725 0.0625 0.2 0.383984
0 0.03125 0.7 0.0625 0.233333 0.376231
1 0.06875 0.445833 0.1375 0.758333 0.3984
0 0.025 0.7125 0.05 0.208333 0.279597
1 0.078125 0.45 0.15625 0.766667 0.327665
0 0.028125 0.6875 0.05625 0.225 0.267333
1 0.071875 0.441667 0.14375 0.75 0.277798
1 0.071875 0.45 0.14375 0.766667 0.283967
1 0.065625 0.45 0.13125 0.75 0.298612
0 0.028125 0.7 0.05625 0.233333 0.283718
1 0.0625 0.445833 0.125 0.741667 0.369347
0 0.04375 0.633333 0.0875 0.2 0.437431
0 0.115625 0.466667 0.23125 0.2 0.331806
0 0.05 0.479167 0.1 0.191667 0.428874
1 0.034375 0.804167 0.06875 0.391667 0.609574
1 0.25625 0.770833 0.175 0.458333 0.614128
1 0.153125 0.279167 0.26875 0.558333 0.760256
1 0.08125 0.466667 0.1625 0.75 0.59475
1 0.096875 0.270833 0.19375 0.541667 0.80232
1 0.1125 0.266667 0.225 0.533333 0.439551
0 0.125 0.5 0.1625 0.216667 0.649164
0 0.553125 0.416667 0.16875 0.183333 0.625344
0 0.43125 0.479167 0.2125 0.158333 0.722889
0 0.6 0.608333 0.2125 0.166667 0.659379
1 0.134375 0.504167 0.26875 0.991667 0.28277
0 0.640625 0.6375 0.21875 0.175 0.546862
0 0.615625 0.608333 0.20625 0.166667 0.79722
0 0.559375 0.558333 0.20625 0.166667 0.595493
1 0.078125 0.654167 0.15625 0.691667 0.272587
0 0.5875 0.583333 0.175 0.166667 0.476007
1 0.075 0.641667 0.15 0.716667 0.294869
0 0.6125 0.566667 0.175 0.183333 0.54735
