0 0.590625 0.804167 0.33125 0.325 0.27926
1 0.10625 0.741667 0.2125 0.516667 0.32841
1 0.1 0.6875 0.2 0.625 0.443499
1 0.06875 0.879167 0.1375 0.241667 0.253219
0 0.171875 0.775 0.05625 0.233333 0.37326
1 0.240625 0.854167 0.06875 0.275 0.265276
1 0.08125 0.870833 0.1625 0.258333 0.277024
1 0.2125 0.675 0.15 0.65 0.802229
1 0.309375 0.6625 0.15625 0.675 0.259206
0 0.478125 0.6875 0.23125 0.308333 0.262063
1 0.28125 0.6375 0.25 0.625 0.828942
1 0.240625 0.85 0.16875 0.3 0.306657
1 0.534375 0.604167 0.24375 0.291667 0.340327
0 0.28125 0.783333 0.0625 0.266667 0.288645
1 0.5875 0.5375 0.2125 0.291667 0.270531
1 0.584375 0.529167 0.21875 0.291667 0.286747
1 0.584375 0.5375 0.19375 0.308333 0.298528
1 0.578125 0.533333 0.20625 0.283333 0.27898
1 0.571875 0.529167 0.21875 0.291667 0.290931
1 0.578125 0.529167 0.21875 0.291667 0.421395
1 0.58125 0.525 0.2 0.283333 0.33192
1 0.56875 0.520833 0.2125 0.291667 0.269244
1 0.528125 0.5125 0.21875 0.291667 0.434557
1 0.528125 0.508333 0.21875 0.283333 0.304784
1 0.528125 0.508333 0.18125 0.283333 0.44035
1 0.475 0.516667 0.275 0.283333 0.366791
1 0.46875 0.5125 0.2125 0.291667 0.277284
1 0.721875 0.520833 0.26875 0.291667 0.31945
1 0.059375 0.458333 0.11875 0.766667 0.609143
0 0.634375 0.570833 0.05625 0.241667 0.257336
1 0.05 0.366667 0.1 0.666667 0.387857
0 0.528125 0.658333 0.05625 0.233333 0.283122
0 0.815625 0.5 0.31875 0.3 0.332424
0 0.7125 0.575 0.3125 0.3 0.517595
0 0.76875 0.558333 0.275 0.3 0.262267
0 0.415625 0.7125 0.05625 0.241667 0.266375
0 0.425 0.658333 0.0625 0.25 0.326991
0 0.771875 0.483333 0.30625 0.3 0.265304
0 0.628125 0.595833 0.26875 0.291667 0.275121
1 0.821875 0.625 0.19375 0.75 0.461816
0 0.271875 0.779167 0.05625 0.241667 0.371981
1 0.115625 0.816667 0.21875 0.366667 0.48051
1 0.096875 0.791667 0.16875 0.416667 0.331822
1 0.425 0.725 0.225 0.55 0.62663
0 0.2375 0.854167 0.0875 0.291667 0.286563
1 0.071875 0.641667 0.14375 0.716667 0.316086
0 0.225 0.833333 0.0625 0.266667 0.300938
0 0.221875 0.7875 0.05625 0.241667 0.387759
0 0.221875 0.783333 0.05625 0.25 0.398156
1 0.584375 0.7125 0.21875 0.341667 0.377941
1 0.353125 0.670833 0.20625 0.625 0.781334
1 0.53125 0.670833 0.225 0.608333 0.364215
1 0.834375 0.666667 0.18125 0.65 0.884854
1 0.571875 0.741667 0.23125 0.383333 0.362099
1 0.559375 0.729167 0.18125 0.375 0.387765
1 0.1375 0.804167 0.275 0.375 0.276303
1 0.578125 0.641667 0.26875 0.716667 0.334974
1 0.575 0.179167 0.275 0.358333 0.295408
1 0.4125 0.25 0.325 0.5 0.369516
1 0.15 0.7625 0.3 0.475 0.718141
