1 0.55625 0.6 0.15 0.8 0.67845
1 0.571875 0.629167 0.26875 0.741667 0.350168
1 0.178125 0.225 0.35625 0.433333 0.329662
1 0.078125 0.741667 0.15625 0.516667 0.818187
0 0.940625 0.854167 0.11875 0.291667 0.443273
1 0.040625 0.7375 0.08125 0.525 0.376493
0 0.85 0.675 0.2875 0.216667 0.462599
1 0.196875 0.458333 0.25625 0.633333 0.517401
1 0.6125 0.545833 0.2125 0.908333 0.655015
0 0.778125 0.770833 0.18125 0.208333 0.301802
1 0.775 0.766667 0.175 0.216667 0.500257
0 0.54375 0.8625 0.175 0.208333 0.407736
0 0.709375 0.716667 0.15625 0.2 0.452279
0 0.9375 0.7625 0.125 0.208333 0.379334
1 0.175 0.641667 0.3375 0.716667 0.490197
0 0.909375 0.791667 0.16875 0.2 0.26237
0 0.825 0.775 0.1875 0.2 0.416115
0 0.790625 0.858333 0.16875 0.2 0.527201
0 0.7375 0.741667 0.1625 0.2 0.33261
0 0.61875 0.775 0.4375 0.266667 0.371699
0 0.6 0.7625 0.175 0.208333 0.48277
0 0.496875 0.7875 0.19375 0.208333 0.632197
0 0.653125 0.745833 0.18125 0.208333 0.354251
0 0.703125 0.795833 0.18125 0.208333 0.280937
0 0.55625 0.8 0.2125 0.216667 0.262015
0 0.959375 0.758333 0.08125 0.266667 0.549477
0 0.2 0.791667 0.4 0.283333 0.345078
0 0.125 0.904167 0.25 0.191667 0.510545
0 0.109375 0.879167 0.19375 0.225 0.655142
0 0.04375 0.841667 0.0875 0.25 0.285713
0 0.153125 0.7625 0.30625 0.225 0.497475
0 0.521875 0.766667 0.20625 0.216667 0.486044
0 0.98125 0.729167 0.0375 0.275 0.300257
0 0.3875 0.804167 0.2625 0.325 0.368568
0 0.578125 0.775 0.21875 0.233333 0.714591
1 0.55625 0.895833 0.25 0.208333 0.368291
0 0.565625 0.9 0.23125 0.2 0.425262
0 0.971875 0.829167 0.05625 0.308333 0.541064
0 0.090625 0.941667 0.16875 0.116667 0.28501
1 0.940625 0.733333 0.11875 0.516667 0.379395
0 0.50625 0.933333 0.175 0.133333 0.605296
0 0.3 0.754167 0.2125 0.208333 0.491123
0 0.121875 0.808333 0.24375 0.283333 0.523076
0 0.975 0.8 0.05 0.283333 0.537344
0 0.525 0.825 0.225 0.25 0.340566
0 0.975 0.7625 0.05 0.275 0.486687
0 0.975 0.833333 0.05 0.283333 0.376253
0 0.534375 0.879167 0.20625 0.241667 0.481368
0 0.384375 0.858333 0.28125 0.283333 0.32161
0 0.5625 0.875 0.2 0.233333 0.559233
0 0.553125 0.891667 0.23125 0.216667 0.451653
0 0.56875 0.891667 0.2125 0.216667 0.534201
0 0.375 0.879167 0.25 0.241667 0.311083
0 0.575 0.895833 0.225 0.208333 0.696203
0 0.575 0.908333 0.225 0.183333 0.3711
1 0.234375 0.645833 0.24375 0.325 0.357714
1 0.684375 0.75 0.30625 0.5 0.851424
0 0.5875 0.920833 0.2625 0.158333 0.4026
0 0.034375 0.9125 0.06875 0.175 0.262172
0 0.575 0.9375 0.225 0.125 0.283575
0 0.0375 0.9125 0.075 0.175 0.279988
0 0.590625 0.929167 0.25625 0.141667 0.377092
0 0.571875 0.929167 0.25625 0.141667 0.337959
0 0.615625 0.925 0.24375 0.15 0.287795
0 0.053125 0.916667 0.10625 0.166667 0.661967
0 0.05625 0.908333 0.1 0.183333 0.341613
0 0.621875 0.9125 0.23125 0.175 0.359428
0 0.05625 0.908333 0.1 0.183333 0.34809
0 0.065625 0.9125 0.10625 0.175 0.460721
0 0.621875 0.891667 0.29375 0.2 0.578357
0 0.6625 0.854167 0.2875 0.208333 0.700208
0 0.678125 0.8375 0.25625 0.208333 0.670852
0 0.48125 0.85 0.2125 0.283333 0.284409
0 0.15 0.870833 0.2125 0.225 0.371589
0 0.68125 0.825 0.2625 0.2 0.667724
0 0.475 0.845833 0.225 0.291667 0.291621
0 0.14375 0.866667 0.2 0.216667 0.316144
0 0.7 0.825 0.2875 0.2 0.707796
0 0.478125 0.85 0.23125 0.283333 0.318503
0 0.1375 0.866667 0.1625 0.216667 0.364672
0 0.690625 0.825 0.26875 0.2 0.734058
0 0.475 0.854167 0.2375 0.291667 0.282373
0 0.134375 0.875 0.18125 0.216667 0.372062
0 0.696875 0.825 0.29375 0.2 0.725787
0 0.18125 0.8625 0.2625 0.225 0.264789
0 0.703125 0.816667 0.30625 0.2 0.713016
0 0.528125 0.841667 0.43125 0.266667 0.303769
0 0.63125 0.816667 0.3 0.2 0.719784
0 0.234375 0.8 0.40625 0.3 0.307952
0 0.309375 0.754167 0.26875 0.191667 0.335478
0 0.24375 0.608333 0.3375 0.183333 0.640632
0 0.746875 0.358333 0.30625 0.233333 0.531525
0 0.175 0.529167 0.3375 0.175 0.700616
0 0.921875 0.3625 0.15625 0.225 0.395741
0 0.671875 0.425 0.24375 0.216667 0.722226
0 0.1375 0.541667 0.2625 0.183333 0.760642
1 0.88125 0.245833 0.2375 0.491667 0.358502
0 0.125 0.583333 0.25 0.166667 0.607489
0 0.659375 0.5 0.24375 0.216667 0.854767
0 0.4125 0.483333 0.25 0.166667 0.275824
1 0.396875 0.7875 0.23125 0.425 0.385825
0 0.221875 0.475 0.41875 0.2 0.765615
1 0.0625 0.725 0.125 0.533333 0.304519
0 0.96875 0.2875 0.0625 0.225 0.33074
1 0.1625 0.491667 0.325 0.983333 0.510448
0 0.10625 0.458333 0.1875 0.2 0.268035
0 0.05 0.5125 0.1 0.191667 0.492839
0 0.40625 0.45 0.2625 0.233333 0.732223
1 0.571875 0.7875 0.19375 0.425 0.784175
0 0.1375 0.4625 0.2375 0.208333 0.293679
1 0.571875 0.254167 0.29375 0.475 0.363953
0 0.3875 0.429167 0.35 0.241667 0.68243
1 0.59375 0.741667 0.2625 0.466667 0.79247
0 0.04375 0.508333 0.0875 0.216667 0.271503
0 0.575 0.425 0.3 0.183333 0.697094
0 0.5625 0.345833 0.2875 0.175 0.589106
1 0.959375 0.220833 0.08125 0.425 0.697454
0 0.05 0.416667 0.1 0.2 0.329824
0 0.440625 0.379167 0.29375 0.175 0.498415
0 0.896875 0.341667 0.20625 0.233333 0.430234
0 0.2875 0.404167 0.4 0.208333 0.595135
0 0.184375 0.4 0.34375 0.183333 0.548401
0 0.8 0.333333 0.25 0.216667 0.572351
0 0.378125 0.458333 0.39375 0.25 0.474515
0 0.55625 0.670833 0.3375 0.191667 0.648685
0 0.58125 0.8 0.2125 0.2 0.302949
0 0.56875 0.7875 0.2125 0.191667 0.509307
0 0.4625 0.820833 0.2375 0.208333 0.328395
1 0.94375 0.6375 0.1125 0.508333 0.312503
0 0.4875 0.825 0.275 0.2 0.650643
0 0.49375 0.825 0.2 0.2 0.259018
0 0.528125 0.779167 0.21875 0.208333 0.448116
0 0.575 0.758333 0.25 0.2 0.532926
0 0.58125 0.75 0.225 0.2 0.325534
0 0.690625 0.65 0.25625 0.2 0.447179
0 0.73125 0.725 0.2375 0.183333 0.314433
0 0.70625 0.675 0.25 0.2 0.279841
0 0.721875 0.670833 0.26875 0.191667 0.291696
0 0.8 0.679167 0.1375 0.175 0.303905
0 0.734375 0.654167 0.26875 0.208333 0.532427
0 0.6375 0.691667 0.125 0.216667 0.301707
0 0.721875 0.708333 0.29375 0.2 0.427144
0 0.7 0.770833 0.2875 0.208333 0.339757
0 0.63125 0.75 0.125 0.216667 0.272042
0 0.73125 0.795833 0.275 0.191667 0.368933
0 0.721875 0.795833 0.30625 0.191667 0.351279
0 0.53125 0.783333 0.2375 0.3 0.275318
0 0.7375 0.779167 0.3 0.191667 0.549023
0 0.5375 0.791667 0.25 0.3 0.285543
0 0.74375 0.791667 0.3 0.2 0.488626
0 0.6375 0.8125 0.125 0.225 0.305443
0 0.715625 0.825 0.29375 0.2 0.487183
0 0.6375 0.808333 0.125 0.233333 0.351467
0 0.715625 0.816667 0.29375 0.2 0.519926
0 0.6375 0.804167 0.125 0.225 0.411044
0 0.721875 0.820833 0.29375 0.191667 0.431103
0 0.734375 0.833333 0.30625 0.2 0.28015
0 0.634375 0.820833 0.13125 0.225 0.360354
0 0.7125 0.829167 0.3125 0.191667 0.294465
0 0.628125 0.8125 0.13125 0.225 0.349244
0 0.68125 0.820833 0.275 0.208333 0.515211
0 0.484375 0.841667 0.21875 0.283333 0.292507
0 0.696875 0.825 0.28125 0.216667 0.399822
0 0.203125 0.866667 0.25625 0.25 0.404234
0 0.196875 0.875 0.25625 0.25 0.258916
0 0.50625 0.858333 0.225 0.283333 0.311472
0 0.721875 0.858333 0.31875 0.2 0.674632
0 0.484375 0.85 0.21875 0.283333 0.277896
0 0.73125 0.854167 0.325 0.208333 0.529768
0 0.728125 0.858333 0.29375 0.2 0.509749
0 0.184375 0.879167 0.35625 0.225 0.369093
0 0.725 0.85 0.275 0.2 0.540713
1 0.8625 0.7625 0.075 0.391667 0.271968
0 0.71875 0.85 0.275 0.2 0.610513
0 0.51875 0.845833 0.175 0.291667 0.336588
1 0.846875 0.75 0.14375 0.366667 0.743861
0 0.7375 0.825 0.3125 0.216667 0.797843
0 0.2125 0.8625 0.275 0.258333 0.287639
0 0.734375 0.816667 0.30625 0.216667 0.406758
0 0.740625 0.825 0.26875 0.216667 0.399354
0 0.54375 0.845833 0.2125 0.308333 0.401849
0 0.728125 0.833333 0.28125 0.2 0.694546
0 0.215625 0.8625 0.26875 0.258333 0.272814
0 0.73125 0.825 0.3 0.2 0.77621
0 0.734375 0.820833 0.30625 0.191667 0.812142
0 0.4875 0.804167 0.2125 0.325 0.333777
0 0.734375 0.8125 0.29375 0.191667 0.777822
0 0.86875 0.670833 0.2625 0.275 0.656821
0 0.11875 0.558333 0.2375 0.216667 0.531601
0 0.525 0.416667 0.4625 0.166667 0.710812
0 0.528125 0.279167 0.11875 0.108333 0.385203
0 0.7625 0.329167 0.2375 0.208333 0.782868
0 0.484375 0.3875 0.24375 0.225 0.842814
0 0.68125 0.1625 0.275 0.191667 0.513771
0 0.384375 0.233333 0.24375 0.216667 0.627303
0 0.2375 0.220833 0.25 0.258333 0.349165
0 0.859375 0.170833 0.28125 0.241667 0.525917
0 0.090625 0.325 0.18125 0.25 0.334596
0 0.853125 0.233333 0.28125 0.233333 0.725894
0 0.084375 0.320833 0.16875 0.258333 0.284336
0 0.278125 0.2875 0.25625 0.175 0.395655
0 0.83125 0.195833 0.2625 0.225 0.627173
0 0.028125 0.295833 0.05625 0.258333 0.368273
0 0.79375 0.179167 0.3625 0.241667 0.416952
0 0.178125 0.295833 0.26875 0.175 0.514464
0 0.025 0.275 0.05 0.283333 0.264129
0 0.178125 0.275 0.29375 0.183333 0.557602
0 0.03125 0.279167 0.0625 0.275 0.347639
0 0.75625 0.175 0.275 0.233333 0.502326
0 0.18125 0.270833 0.2875 0.175 0.507574
0 0.2125 0.316667 0.425 0.2 0.472888
0 0.8625 0.225 0.275 0.233333 0.611317
0 0.125 0.183333 0.25 0.216667 0.628687
0 0.071875 0.25 0.14375 0.2 0.493723
0 0.31875 0.3875 0.2125 0.225 0.295874
0 0.271875 0.383333 0.21875 0.2 0.266102
0 0.259375 0.395833 0.20625 0.191667 0.289208
1 0.540625 0.704167 0.25625 0.591667 0.330359
1 0.0375 0.591667 0.075 0.65 0.472475
