1 0.81875 0.725 0.2375 0.533333 0.331814
1 0.94375 0.466667 0.1125 0.816667 0.394031
0 0.35 0.670833 0.2125 0.325 0.25186
1 0.965625 0.541667 0.06875 0.733333 0.423477
1 0.953125 0.7375 0.09375 0.525 0.530346
0 0.359375 0.6875 0.20625 0.341667 0.471196
0 0.359375 0.695833 0.20625 0.341667 0.289059
0 0.953125 0.654167 0.09375 0.291667 0.404792
0 0.96875 0.591667 0.0625 0.4 0.325616
1 0.559375 0.595833 0.16875 0.791667 0.278462
1 0.5625 0.595833 0.175 0.791667 0.268608
1 0.56875 0.491667 0.1625 0.833333 0.257898
0 0.390625 0.691667 0.24375 0.333333 0.341073
0 0.39375 0.695833 0.225 0.325 0.438037
1 0.93125 0.604167 0.1375 0.791667 0.428728
0 0.4 0.6875 0.225 0.341667 0.702323
1 0.56875 0.533333 0.1625 0.933333 0.525749
1 0.378125 0.691667 0.21875 0.616667 0.435117
1 0.11875 0.716667 0.2375 0.566667 0.855961
0 0.353125 0.679167 0.21875 0.325 0.292281
0 0.396875 0.5375 0.20625 0.291667 0.54418
1 0.121875 0.7375 0.24375 0.525 0.775751
1 0.071875 0.5625 0.14375 0.875 0.793214
1 0.165625 0.554167 0.31875 0.891667 0.629832
1 0.15625 0.554167 0.3125 0.891667 0.351695
1 0.159375 0.5625 0.31875 0.875 0.330889
1 0.16875 0.558333 0.3375 0.883333 0.835302
1 0.18125 0.575 0.35 0.85 0.73127
1 0.178125 0.508333 0.35625 0.983333 0.669733
1 0.18125 0.508333 0.3625 0.983333 0.717013
1 0.209375 0.5625 0.33125 0.875 0.660462
1 0.19375 0.558333 0.3375 0.883333 0.676455
0 0.603125 0.470833 0.46875 0.358333 0.303551
1 0.24375 0.520833 0.3 0.958333 0.737457
1 0.178125 0.5125 0.33125 0.975 0.776511
1 0.2625 0.775 0.2375 0.45 0.766241
1 0.190625 0.470833 0.16875 0.291667 0.442525
1 0.678125 0.491667 0.20625 0.866667 0.589441
1 0.16875 0.254167 0.3375 0.508333 0.38214
1 0.1875 0.516667 0.3625 0.966667 0.429014
1 0.478125 0.395833 0.16875 0.641667 0.259688
0 0.290625 0.570833 0.20625 0.325 0.326672
1 0.534375 0.475 0.16875 0.633333 0.291849
0 0.340625 0.65 0.20625 0.3 0.322557
0 0.35625 0.479167 0.2 0.291667 0.392345
1 0.69375 0.345833 0.1625 0.675 0.367326
0 0.528125 0.545833 0.19375 0.308333 0.729313
0 0.315625 0.616667 0.19375 0.316667 0.488373
0 0.303125 0.604167 0.19375 0.308333 0.552457
0 0.3125 0.666667 0.2 0.316667 0.560598
0 0.309375 0.658333 0.19375 0.3 0.512058
0 0.315625 0.654167 0.19375 0.308333 0.594633
0 0.33125 0.645833 0.2 0.308333 0.414696
0 0.315625 0.645833 0.19375 0.308333 0.34754
0 0.30625 0.654167 0.2125 0.308333 0.357719
0 0.353125 0.616667 0.20625 0.316667 0.535651
0 0.5875 0.6875 0.2375 0.325 0.377967
0 0.6875 0.65 0.25 0.316667 0.401948
0 0.63125 0.641667 0.25 0.316667 0.513782
0 0.634375 0.633333 0.25625 0.316667 0.66648
0 0.621875 0.6375 0.24375 0.308333 0.466396
0 0.628125 0.658333 0.21875 0.316667 0.279974
0 0.61875 0.645833 0.2375 0.308333 0.25859
0 0.628125 0.675 0.21875 0.316667 0.500006
0 0.6 0.6875 0.2125 0.325 0.302072
1 0.265625 0.616667 0.09375 0.25 0.293852
1 0.25 0.741667 0.1875 0.516667 0.283318
1 0.253125 0.745833 0.15625 0.508333 0.704335
1 0.196875 0.625 0.18125 0.266667 0.332566
1 0.175 0.616667 0.175 0.266667 0.399098
1 0.125 0.7375 0.1375 0.525 0.549176
1 0.7875 0.533333 0.1375 0.683333 0.250539
1 0.665625 0.604167 0.15625 0.758333 0.388383
0 0.553125 0.791667 0.20625 0.316667 0.587576
0 0.596875 0.779167 0.19375 0.325 0.378866
0 0.575 0.766667 0.1875 0.316667 0.287429
0 0.5625 0.783333 0.2 0.316667 0.501596
1 0.7625 0.6 0.1625 0.783333 0.283621
1 0.759375 0.604167 0.16875 0.775 0.252036
1 0.228125 0.804167 0.13125 0.391667 0.290379
1 0.7625 0.6125 0.15 0.758333 0.284459
0 0.56875 0.795833 0.1875 0.325 0.265843
1 0.7625 0.6125 0.15 0.758333 0.282762
1 0.190625 0.795833 0.19375 0.408333 0.334257
1 0.759375 0.608333 0.16875 0.766667 0.264338
0 0.575 0.795833 0.1875 0.325 0.279788
1 0.2 0.791667 0.1625 0.416667 0.587255
1 0.178125 0.783333 0.20625 0.416667 0.3438
1 0.146875 0.783333 0.21875 0.416667 0.488959
1 0.09375 0.779167 0.1875 0.441667 0.772105
1 0.10625 0.775 0.2 0.45 0.723378
1 0.103125 0.808333 0.19375 0.383333 0.861338
0 0.6 0.525 0.2375 0.3 0.625727
1 0.1625 0.520833 0.2375 0.575 0.631815
1 0.65 0.466667 0.2125 0.933333 0.313313
0 0.440625 0.475 0.23125 0.3 0.708015
1 0.065625 0.6125 0.13125 0.775 0.732909
0 0.140625 0.475 0.25625 0.333333 0.266929
1 0.33125 0.320833 0.2 0.641667 0.360504
1 0.0625 0.65 0.125 0.7 0.516954
1 0.659375 0.533333 0.39375 0.933333 0.521255
1 0.865625 0.8375 0.26875 0.325 0.660664
1 0.825 0.641667 0.275 0.716667 0.88265
1 0.28125 0.541667 0.4875 0.916667 0.371576
1 0.825 0.658333 0.2875 0.683333 0.926037
0 0.90625 0.204167 0.1875 0.391667 0.293404
1 0.365625 0.520833 0.45625 0.958333 0.400747
1 0.875 0.554167 0.25 0.891667 0.646926
1 0.5375 0.516667 0.35 0.966667 0.266756
1 0.83125 0.633333 0.275 0.733333 0.85202
