0 0.31875 0.783333 0.35 0.25 0.405694
0 0.034375 0.8375 0.06875 0.241667 0.458533
0 0.921875 0.7 0.15625 0.216667 0.733122
0 0.93125 0.633333 0.1375 0.216667 0.529977
0 0.353125 0.766667 0.35625 0.266667 0.578861
0 0.05 0.8375 0.1 0.208333 0.600091
0 0.909375 0.541667 0.18125 0.233333 0.482359
0 0.046875 0.783333 0.09375 0.216667 0.635747
0 0.90625 0.525 0.1875 0.25 0.27826
0 0.034375 0.766667 0.06875 0.216667 0.299318
1 0.859375 0.516667 0.26875 0.3 0.257036
0 0.21875 0.7125 0.3375 0.258333 0.272966
1 0.953125 0.616667 0.09375 0.466667 0.325802
0 0.13125 0.829167 0.1375 0.208333 0.716454
0 0.54375 0.7625 0.375 0.275 0.288719
0 0.253125 0.783333 0.13125 0.216667 0.582475
1 0.25625 0.845833 0.15 0.241667 0.254877
0 0.25625 0.845833 0.15 0.241667 0.256214
1 0.25 0.866667 0.1375 0.266667 0.540804
1 0.21875 0.879167 0.1875 0.225 0.7487
1 0.21875 0.879167 0.2125 0.241667 0.706
1 0.190625 0.891667 0.23125 0.216667 0.723191
1 0.18125 0.908333 0.1875 0.183333 0.597137
1 0.1875 0.9125 0.2125 0.175 0.459794
1 0.259375 0.833333 0.24375 0.316667 0.651009
1 0.584375 0.804167 0.24375 0.391667 0.82442
0 0.65 0.345833 0.5 0.241667 0.366061
1 0.4125 0.879167 0.2875 0.225 0.33362
0 0.9375 0.65 0.125 0.3 0.661533
1 0.834375 0.558333 0.21875 0.266667 0.764522
1 0.7875 0.633333 0.2375 0.233333 0.555681
1 0.79375 0.529167 0.225 0.258333 0.427609
1 0.078125 0.85 0.15625 0.266667 0.386664
1 0.13125 0.85 0.175 0.283333 0.277
1 0.16875 0.858333 0.175 0.283333 0.725258
1 0.184375 0.879167 0.19375 0.241667 0.534325
1 0.1875 0.908333 0.175 0.183333 0.365805
1 0.18125 0.9125 0.1875 0.175 0.453113
0 0.184375 0.945833 0.11875 0.108333 0.324514
0 0.203125 0.9375 0.15625 0.125 0.301635
1 0.725 0.854167 0.225 0.291667 0.255021
0 0.646875 0.3 0.45625 0.216667 0.574822
1 0.415625 0.55 0.21875 0.366667 0.39639
1 0.43125 0.425 0.2125 0.266667 0.665105
1 0.425 0.641667 0.2375 0.716667 0.275464
1 0.428125 0.445833 0.20625 0.291667 0.396032
1 0.503125 0.508333 0.21875 0.3 0.269412
1 0.4625 0.516667 0.2125 0.283333 0.746275
1 0.471875 0.491667 0.20625 0.283333 0.647715
1 0.484375 0.491667 0.25625 0.266667 0.495023
0 0.9375 0.370833 0.125 0.225 0.458703
0 0.68125 0.4375 0.3125 0.241667 0.431241
1 0.096875 0.5875 0.19375 0.741667 0.812562
0 0.925 0.383333 0.15 0.216667 0.476757
1 0.90625 0.4 0.175 0.216667 0.273002
1 0.865625 0.433333 0.23125 0.233333 0.285265
0 0.55625 0.583333 0.3 0.266667 0.286106
0 0.575 0.554167 0.325 0.241667 0.311594
1 0.890625 0.408333 0.20625 0.233333 0.432619
0 0.6125 0.529167 0.3375 0.258333 0.296825
0 0.91875 0.416667 0.1625 0.233333 0.308941
0 0.078125 0.695833 0.15625 0.241667 0.323724
0 0.94375 0.370833 0.1125 0.225 0.358077
0 0.640625 0.4875 0.30625 0.241667 0.467104
0 0.0875 0.708333 0.175 0.25 0.265488
0 0.65 0.479167 0.2875 0.258333 0.320214
1 0.046875 0.783333 0.09375 0.433333 0.266664
1 0.040625 0.7875 0.08125 0.425 0.253598
1 0.33125 0.483333 0.325 0.25 0.279847
0 0.33125 0.483333 0.325 0.25 0.367464
1 0.5 0.666667 0.3375 0.25 0.285453
1 0.24375 0.75 0.2375 0.25 0.503573
0 0.50625 0.666667 0.3375 0.266667 0.640155
1 0.184375 0.8875 0.18125 0.225 0.753339
1 0.26875 0.879167 0.2 0.241667 0.762888
1 0.240625 0.8875 0.18125 0.225 0.653597
1 0.11875 0.820833 0.15 0.291667 0.36281
0 0.421875 0.795833 0.33125 0.258333 0.60299
0 0.440625 0.791667 0.35625 0.266667 0.513732
1 0.075 0.808333 0.1375 0.3 0.394987
0 0.3875 0.791667 0.3875 0.266667 0.611608
0 0.240625 0.8 0.35625 0.266667 0.273633
1 0.909375 0.825 0.18125 0.283333 0.515434
1 0.878125 0.783333 0.19375 0.283333 0.344464
0 0.20625 0.8 0.3625 0.266667 0.362595
0 0.178125 0.8 0.35625 0.266667 0.348488
1 0.828125 0.791667 0.19375 0.283333 0.462053
0 0.040625 0.804167 0.08125 0.291667 0.65936
0 0.946875 0.758333 0.10625 0.266667 0.674906
0 0.334375 0.783333 0.38125 0.266667 0.767075
0 0.93125 0.7625 0.1375 0.275 0.518196
0 0.284375 0.8125 0.38125 0.258333 0.253901
0 0.915625 0.8 0.16875 0.266667 0.825253
0 0.30625 0.779167 0.375 0.258333 0.514015
0 0.925 0.766667 0.15 0.266667 0.64645
0 0.028125 0.841667 0.05625 0.283333 0.289983
0 0.928125 0.775 0.14375 0.266667 0.748436
1 0.0375 0.804167 0.075 0.308333 0.271197
0 0.0375 0.804167 0.075 0.291667 0.350797
0 0.934375 0.733333 0.13125 0.283333 0.636507
0 0.328125 0.779167 0.38125 0.258333 0.676872
1 0.034375 0.804167 0.06875 0.258333 0.261654
0 0.034375 0.804167 0.06875 0.258333 0.31547
0 0.325 0.795833 0.3875 0.258333 0.661683
0 0.9375 0.741667 0.125 0.266667 0.667758
0 0.04375 0.8125 0.0875 0.241667 0.448118
0 0.33125 0.804167 0.4 0.258333 0.483346
0 0.946875 0.75 0.10625 0.266667 0.709428
0 0.959375 0.741667 0.08125 0.3 0.258507
0 0.33125 0.820833 0.4 0.258333 0.445004
0 0.046875 0.833333 0.09375 0.216667 0.601058
1 0.953125 0.7875 0.09375 0.358333 0.307154
0 0.04375 0.854167 0.0875 0.208333 0.456567
0 0.334375 0.8375 0.38125 0.258333 0.638224
0 0.0375 0.8875 0.075 0.191667 0.376376
0 0.4125 0.858333 0.225 0.25 0.381623
1 0.184375 0.758333 0.26875 0.483333 0.723764
0 0.325 0.858333 0.4 0.266667 0.718043
1 0.640625 0.720833 0.26875 0.558333 0.788312
0 0.95625 0.758333 0.0875 0.283333 0.382063
0 0.040625 0.875 0.08125 0.2 0.418377
0 0.328125 0.854167 0.39375 0.275 0.718829
0 0.040625 0.875 0.08125 0.2 0.402887
0 0.95 0.7625 0.1 0.291667 0.503947
0 0.328125 0.85 0.39375 0.266667 0.724486
0 0.04375 0.875 0.0875 0.2 0.466177
0 0.95 0.754167 0.1 0.275 0.506891
0 0.334375 0.85 0.39375 0.266667 0.752675
0 0.3375 0.866667 0.375 0.266667 0.551159
0 0.946875 0.775 0.10625 0.266667 0.653414
0 0.08125 0.879167 0.1625 0.191667 0.271006
0 0.43125 0.8375 0.4 0.258333 0.298701
0 0.109375 0.904167 0.20625 0.191667 0.339924
1 0.971875 0.745833 0.05625 0.508333 0.266505
0 0.090625 0.933333 0.18125 0.133333 0.333064
1 0.96875 0.7875 0.0625 0.425 0.4561
0 0.14375 0.179167 0.2875 0.175 0.452847
0 0.365625 0.708333 0.21875 0.183333 0.750092
0 0.378125 0.708333 0.21875 0.183333 0.699877
0 0.384375 0.708333 0.20625 0.183333 0.506656
0 0.403125 0.7 0.20625 0.2 0.281813
0 0.415625 0.704167 0.20625 0.191667 0.377643
0 0.434375 0.7 0.20625 0.2 0.472825
0 0.434375 0.7 0.19375 0.2 0.332465
0 0.434375 0.691667 0.19375 0.216667 0.409628
1 0.034375 0.725 0.06875 0.533333 0.463038
