0 0.43125 0.604167 0.2625 0.258333 0.372064
0 0.49375 0.704167 0.3 0.258333 0.261141
0 0.546875 0.708333 0.29375 0.266667 0.420437
0 0.621875 0.679167 0.24375 0.258333 0.346151
0 0.584375 0.654167 0.31875 0.275 0.527965
0 0.575 0.654167 0.3 0.275 0.751916
0 0.540625 0.6375 0.29375 0.275 0.283706
0 0.596875 0.670833 0.28125 0.275 0.582257
0 0.621875 0.658333 0.28125 0.266667 0.812576
0 0.571875 0.666667 0.28125 0.266667 0.811285
0 0.571875 0.65 0.28125 0.283333 0.831117
0 0.575 0.666667 0.275 0.266667 0.799455
0 0.584375 0.658333 0.26875 0.266667 0.790583
0 0.584375 0.658333 0.26875 0.266667 0.784246
0 0.5875 0.654167 0.275 0.275 0.747111
0 0.6 0.641667 0.275 0.283333 0.737621
0 0.60625 0.633333 0.2625 0.283333 0.807276
0 0.609375 0.6375 0.26875 0.291667 0.847612
0 0.609375 0.633333 0.26875 0.283333 0.855039
0 0.609375 0.625 0.26875 0.266667 0.785817
0 0.60625 0.625 0.2625 0.266667 0.472694
0 0.559375 0.5875 0.28125 0.275 0.758194
0 0.56875 0.575 0.2875 0.283333 0.713643
0 0.56875 0.583333 0.2875 0.283333 0.756174
0 0.55625 0.579167 0.275 0.291667 0.825521
0 0.521875 0.583333 0.30625 0.283333 0.742821
0 0.55 0.6 0.3 0.283333 0.816826
0 0.509375 0.633333 0.28125 0.3 0.708952
0 0.39375 0.6375 0.2875 0.291667 0.333162
0 0.38125 0.604167 0.2875 0.275 0.575388
0 0.415625 0.6125 0.28125 0.275 0.766867
0 0.45 0.620833 0.275 0.275 0.454281
0 0.465625 0.608333 0.28125 0.266667 0.796545
0 0.46875 0.620833 0.2875 0.275 0.809497
0 0.4625 0.629167 0.275 0.291667 0.591498
0 0.465625 0.629167 0.29375 0.275 0.488916
0 0.4625 0.625 0.3 0.266667 0.557805
0 0.4625 0.625 0.3125 0.266667 0.459209
0 0.45625 0.629167 0.2875 0.275 0.307041
0 0.54375 0.604167 0.15 0.275 0.295985
0 0.53125 0.608333 0.225 0.266667 0.397608
0 0.5 0.591667 0.275 0.283333 0.610159
0 0.503125 0.570833 0.29375 0.291667 0.31257
0 0.521875 0.529167 0.28125 0.275 0.855139
0 0.53125 0.541667 0.275 0.266667 0.901678
0 0.525 0.5625 0.2875 0.275 0.812772
0 0.51875 0.558333 0.2875 0.266667 0.73137
0 0.50625 0.541667 0.2875 0.266667 0.75734
0 0.50625 0.55 0.275 0.266667 0.557121
0 0.509375 0.533333 0.26875 0.266667 0.75762
0 0.515625 0.541667 0.28125 0.266667 0.728625
0 0.521875 0.541667 0.28125 0.266667 0.534963
0 0.6 0.554167 0.1375 0.275 0.357724
0 0.59375 0.541667 0.2125 0.266667 0.473254
0 0.60625 0.55 0.1625 0.283333 0.485098
0 0.575 0.554167 0.2375 0.275 0.489627
0 0.603125 0.558333 0.16875 0.283333 0.423763
0 0.60625 0.558333 0.175 0.283333 0.431066
0 0.590625 0.55 0.19375 0.266667 0.392119
0 0.596875 0.554167 0.19375 0.275 0.340769
0 0.58125 0.554167 0.2375 0.275 0.339475
0 0.56875 0.55 0.2375 0.266667 0.476469
0 0.590625 0.545833 0.20625 0.275 0.370303
0 0.58125 0.554167 0.225 0.275 0.506817
0 0.584375 0.554167 0.21875 0.275 0.340627
0 0.571875 0.554167 0.24375 0.275 0.414916
0 0.578125 0.554167 0.23125 0.275 0.361872
0 0.575 0.5625 0.2375 0.275 0.315835
0 0.565625 0.558333 0.25625 0.283333 0.346989
0 0.58125 0.558333 0.2375 0.283333 0.25834
0 0.56875 0.558333 0.2375 0.283333 0.274825
0 0.5125 0.5625 0.2625 0.275 0.307704
0 0.459375 0.566667 0.26875 0.3 0.475942
0 0.353125 0.575 0.26875 0.283333 0.513872
0 0.409375 0.566667 0.15625 0.283333 0.323181
0 0.415625 0.616667 0.13125 0.283333 0.252468
0 0.290625 0.795833 0.29375 0.291667 0.406785
0 0.30625 0.783333 0.275 0.283333 0.480819
0 0.465625 0.675 0.24375 0.283333 0.323329
0 0.30625 0.725 0.275 0.266667 0.309796
1 0.2375 0.770833 0.125 0.441667 0.279648
0 0.35 0.708333 0.275 0.283333 0.261351
1 0.371875 0.775 0.16875 0.45 0.310991
0 0.55 0.6875 0.15 0.275 0.351636
1 0.353125 0.775 0.19375 0.433333 0.431837
0 0.5625 0.691667 0.15 0.283333 0.585027
0 0.54375 0.7125 0.1875 0.275 0.26685
0 0.45 0.733333 0.3125 0.283333 0.710993
0 0.390625 0.720833 0.29375 0.275 0.654523
0 0.459375 0.716667 0.13125 0.283333 0.415219
0 0.4125 0.733333 0.125 0.283333 0.348525
0 0.4125 0.75 0.15 0.283333 0.317738
0 0.40625 0.75 0.1625 0.283333 0.385488
0 0.40625 0.745833 0.1625 0.275 0.43077
0 0.409375 0.7375 0.15625 0.275 0.526948
0 0.39375 0.7375 0.15 0.275 0.299739
0 0.409375 0.725 0.14375 0.266667 0.4895
0 0.453125 0.7125 0.13125 0.275 0.2768
0 0.509375 0.704167 0.15625 0.275 0.260835
1 0.321875 0.7875 0.16875 0.408333 0.38718
0 0.534375 0.683333 0.14375 0.283333 0.577373
0 0.559375 0.670833 0.15625 0.258333 0.653236
0 0.46875 0.7 0.2375 0.283333 0.329525
0 0.584375 0.679167 0.14375 0.275 0.552978
0 0.6125 0.675 0.15 0.266667 0.693513
0 0.609375 0.658333 0.14375 0.266667 0.576866
0 0.61875 0.65 0.1375 0.266667 0.364927
0 0.621875 0.6375 0.13125 0.275 0.381284
0 0.63125 0.620833 0.1625 0.275 0.47915
0 0.628125 0.6375 0.15625 0.275 0.630802
0 0.646875 0.616667 0.14375 0.283333 0.621993
0 0.6375 0.604167 0.15 0.291667 0.721296
0 0.628125 0.645833 0.18125 0.275 0.631974
0 0.63125 0.679167 0.1625 0.291667 0.63288
0 0.553125 0.695833 0.29375 0.291667 0.302875
0 0.64375 0.675 0.1375 0.283333 0.499947
0 0.634375 0.675 0.14375 0.283333 0.548089
0 0.559375 0.670833 0.30625 0.291667 0.842848
0 0.615625 0.641667 0.24375 0.283333 0.657583
0 0.684375 0.620833 0.15625 0.291667 0.343635
0 0.603125 0.641667 0.28125 0.3 0.609238
0 0.609375 0.620833 0.29375 0.291667 0.54174
0 0.61875 0.629167 0.2375 0.291667 0.625625
0 0.615625 0.6375 0.23125 0.291667 0.463876
0 0.625 0.620833 0.1625 0.291667 0.433127
0 0.60625 0.616667 0.1625 0.283333 0.392744
0 0.55 0.620833 0.2 0.291667 0.273414
0 0.5125 0.5875 0.2625 0.275 0.757
0 0.5625 0.570833 0.15 0.291667 0.359799
0 0.553125 0.608333 0.16875 0.283333 0.52104
0 0.55625 0.625 0.1375 0.283333 0.394445
1 0.334375 0.745833 0.23125 0.508333 0.469461
1 0.396875 0.708333 0.20625 0.583333 0.331233
0 0.53125 0.633333 0.1625 0.3 0.727927
0 0.49375 0.5875 0.175 0.275 0.610482
1 0.68125 0.575 0.225 0.716667 0.796485
1 0.775 0.6 0.2125 0.75 0.407039
0 0.490625 0.6 0.15625 0.283333 0.427677
0 0.4875 0.583333 0.175 0.283333 0.3921
1 0.878125 0.554167 0.16875 0.758333 0.51672
1 0.915625 0.5125 0.14375 0.691667 0.29071
0 0.4875 0.583333 0.1625 0.283333 0.292398
0 0.496875 0.591667 0.16875 0.266667 0.465181
1 0.95625 0.591667 0.0875 0.8 0.535425
0 0.490625 0.616667 0.14375 0.283333 0.37887
1 0.9375 0.5875 0.125 0.758333 0.593954
1 0.884375 0.608333 0.18125 0.75 0.741607
0 0.490625 0.616667 0.14375 0.283333 0.265064
1 0.8625 0.6125 0.1625 0.758333 0.688651
0 0.503125 0.6125 0.15625 0.275 0.325189
1 0.753125 0.604167 0.20625 0.775 0.820581
0 0.5 0.604167 0.1625 0.275 0.270722
1 0.5875 0.683333 0.175 0.633333 0.293763
0 0.53125 0.608333 0.1375 0.283333 0.578946
0 0.51875 0.5875 0.15 0.275 0.572377
0 0.528125 0.591667 0.14375 0.283333 0.489973
0 0.5375 0.579167 0.1375 0.291667 0.504128
0 0.553125 0.5875 0.18125 0.275 0.423276
0 0.59375 0.591667 0.1625 0.283333 0.297334
0 0.61875 0.591667 0.1375 0.283333 0.530234
0 0.603125 0.595833 0.16875 0.275 0.61503
0 0.609375 0.6 0.15625 0.283333 0.540553
0 0.6 0.6125 0.1625 0.275 0.25741
0 0.578125 0.620833 0.15625 0.291667 0.438011
0 0.56875 0.625 0.175 0.283333 0.37729
0 0.58125 0.6125 0.1625 0.275 0.558827
0 0.58125 0.608333 0.1625 0.283333 0.552413
0 0.575 0.604167 0.1625 0.275 0.603756
0 0.565625 0.616667 0.15625 0.283333 0.305954
0 0.54375 0.608333 0.15 0.283333 0.484504
0 0.475 0.604167 0.1625 0.275 0.449939
0 0.41875 0.604167 0.1375 0.275 0.433629
0 0.40625 0.575 0.1375 0.283333 0.286352
0 0.44375 0.554167 0.1375 0.291667 0.328164
0 0.475 0.529167 0.15 0.291667 0.575707
0 0.471875 0.525 0.15625 0.283333 0.572268
0 0.29375 0.529167 0.2125 0.275 0.495661
