0 0.103125 0.804167 0.20625 0.241667 0.352296
0 0.025 0.595833 0.05 0.208333 0.290112
0 0.059375 0.595833 0.11875 0.208333 0.350853
0 0.075 0.579167 0.15 0.191667 0.518975
0 0.36875 0.583333 0.35 0.233333 0.318017
0 0.075 0.575 0.15 0.183333 0.480141
0 0.3375 0.570833 0.425 0.241667 0.440889
0 0.415625 0.554167 0.54375 0.241667 0.290398
0 0.059375 0.5375 0.11875 0.208333 0.31516
1 0.578125 0.641667 0.20625 0.216667 0.250294
0 0.05625 0.595833 0.1125 0.208333 0.334212
0 0.575 0.6375 0.225 0.225 0.469383
0 0.46875 0.191667 0.3125 0.2 0.261394
0 0.2875 0.8 0.275 0.25 0.343403
0 0.05 0.795833 0.1 0.208333 0.586717
0 0.45 0.804167 0.1875 0.241667 0.281456
1 0.6 0.866667 0.225 0.266667 0.308073
1 0.05625 0.879167 0.1 0.225 0.284992
1 0.0875 0.8875 0.175 0.225 0.573975
1 0.61875 0.875 0.2125 0.25 0.430084
1 0.084375 0.9 0.16875 0.2 0.695233
0 0.1 0.908333 0.2 0.183333 0.294127
1 0.0625 0.908333 0.125 0.166667 0.443863
1 0.625 0.883333 0.2 0.233333 0.601411
1 0.059375 0.908333 0.11875 0.183333 0.618039
1 0.63125 0.879167 0.2125 0.241667 0.262371
0 0.040625 0.920833 0.08125 0.125 0.276517
1 0.196875 0.795833 0.30625 0.408333 0.308548
1 0.734375 0.654167 0.23125 0.325 0.333535
0 0.0625 0.920833 0.125 0.141667 0.398649
0 0.49375 0.279167 0.4125 0.191667 0.532934
0 0.325 0.895833 0.325 0.208333 0.281895
1 0.64375 0.895833 0.25 0.208333 0.40069
0 0.059375 0.925 0.11875 0.133333 0.43226
0 0.484375 0.270833 0.35625 0.191667 0.25563
0 0.64375 0.9 0.25 0.2 0.299783
0 0.065625 0.9 0.13125 0.2 0.425827
0 0.640625 0.904167 0.26875 0.191667 0.257119
0 0.471875 0.283333 0.38125 0.2 0.334644
0 0.065625 0.933333 0.13125 0.133333 0.584772
0 0.071875 0.929167 0.14375 0.141667 0.351091
1 0.684375 0.879167 0.23125 0.241667 0.272492
0 0.084375 0.908333 0.16875 0.166667 0.407961
0 0.540625 0.2625 0.39375 0.191667 0.655193
1 0.7125 0.870833 0.2375 0.258333 0.350008
0 0.109375 0.9 0.20625 0.183333 0.641937
0 0.153125 0.9375 0.16875 0.125 0.47201
0 0.615625 0.266667 0.50625 0.25 0.602763
0 0.5125 0.75 0.5125 0.216667 0.326404
0 0.071875 0.8375 0.13125 0.208333 0.549601
1 0.115625 0.779167 0.15625 0.191667 0.261224
0 0.125 0.779167 0.1375 0.191667 0.287704
0 0.521875 0.708333 0.49375 0.233333 0.667477
0 0.51875 0.675 0.4625 0.216667 0.599563
0 0.51875 0.658333 0.4375 0.216667 0.710799
0 0.534375 0.641667 0.51875 0.216667 0.251339
0 0.659375 0.641667 0.23125 0.2 0.29584
0 0.109375 0.716667 0.15625 0.216667 0.418822
0 0.653125 0.633333 0.25625 0.2 0.284117
0 0.10625 0.720833 0.15 0.208333 0.502141
0 0.55625 0.625 0.5625 0.233333 0.318087
0 0.128125 0.7 0.15625 0.2 0.538221
0 0.053125 0.716667 0.10625 0.2 0.660286
0 0.5625 0.854167 0.325 0.175 0.356969
0 0.15625 0.891667 0.3125 0.216667 0.48283
0 0.78125 0.3875 0.325 0.291667 0.455744
1 0.684375 0.820833 0.24375 0.358333 0.65549
1 0.93125 0.754167 0.1375 0.491667 0.396731
1 0.46875 0.85 0.2125 0.266667 0.413571
1 0.296875 0.5375 0.19375 0.241667 0.465376
1 0.39375 0.895833 0.1625 0.191667 0.456461
1 0.35 0.916667 0.225 0.166667 0.606235
1 0.28125 0.916667 0.225 0.166667 0.499749
0 0.096875 0.5875 0.19375 0.175 0.289775
