0 0.490625 0.5125 0.33125 0.608333 0.271441
1 0.50625 0.520833 0.35 0.608333 0.276911
1 0.15625 0.358333 0.2625 0.333333 0.784185
1 0.490625 0.5125 0.31875 0.608333 0.264382
1 0.159375 0.358333 0.25625 0.333333 0.786883
1 0.503125 0.520833 0.34375 0.608333 0.276193
1 0.159375 0.358333 0.25625 0.333333 0.78674
0 0.490625 0.5125 0.33125 0.608333 0.280552
1 0.503125 0.520833 0.34375 0.608333 0.304067
1 0.1625 0.354167 0.25 0.341667 0.79724
1 0.503125 0.520833 0.34375 0.608333 0.281081
0 0.490625 0.5125 0.33125 0.608333 0.295342
1 0.1625 0.354167 0.25 0.341667 0.792292
1 0.503125 0.520833 0.34375 0.608333 0.273878
0 0.490625 0.516667 0.33125 0.616667 0.297827
1 0.1625 0.354167 0.25 0.341667 0.795355
1 0.50625 0.520833 0.35 0.608333 0.267712
1 0.1625 0.354167 0.25 0.341667 0.78874
1 0.509375 0.520833 0.35625 0.608333 0.306317
1 0.1625 0.354167 0.2625 0.341667 0.77403
1 0.515625 0.520833 0.35625 0.608333 0.326689
1 0.1625 0.354167 0.2625 0.341667 0.725131
1 0.1625 0.358333 0.2625 0.333333 0.750596
1 0.63125 0.679167 0.1375 0.225 0.289784
1 0.43125 0.3875 0.2125 0.358333 0.355939
1 0.159375 0.358333 0.25625 0.333333 0.757137
1 0.625 0.679167 0.1375 0.225 0.296587
1 0.428125 0.391667 0.20625 0.35 0.436024
1 0.153125 0.358333 0.28125 0.333333 0.739808
1 0.61875 0.683333 0.1375 0.216667 0.268036
1 0.421875 0.395833 0.20625 0.341667 0.409752
1 0.140625 0.354167 0.28125 0.358333 0.722645
1 0.5375 0.375 0.3875 0.3 0.353008
1 0.625 0.6 0.1625 0.4 0.296499
0 0.43125 0.425 0.3125 0.383333 0.260409
1 0.40625 0.366667 0.275 0.4 0.355975
1 0.153125 0.329167 0.30625 0.325 0.51505
1 0.153125 0.316667 0.30625 0.3 0.255961
0 0.409375 0.408333 0.25625 0.35 0.332688
1 0.159375 0.316667 0.31875 0.3 0.291448
1 0.1375 0.341667 0.275 0.35 0.512093
1 0.475 0.533333 0.2625 0.583333 0.372994
1 0.453125 0.545833 0.29375 0.608333 0.26202
1 0.36875 0.358333 0.2875 0.366667 0.265536
1 0.609375 0.716667 0.26875 0.233333 0.42871
