0 0.41875 0.741667 0.2375 0.316667 0.250379
1 0.84375 0.7125 0.3125 0.575 0.676413
0 0.209375 0.779167 0.21875 0.308333 0.492095
0 0.24375 0.7375 0.2125 0.308333 0.343198
0 0.34375 0.679167 0.225 0.308333 0.663932
0 0.46875 0.725 0.225 0.316667 0.516133
0 0.5 0.7625 0.2375 0.308333 0.452081
0 0.45 0.745833 0.2375 0.308333 0.308414
1 0.0625 0.758333 0.125 0.483333 0.57133
1 0.06875 0.758333 0.1375 0.483333 0.723825
1 0.065625 0.75 0.13125 0.5 0.775823
1 0.0625 0.741667 0.125 0.516667 0.501107
1 0.08125 0.729167 0.1625 0.541667 0.401802
1 0.14375 0.7125 0.175 0.575 0.635204
1 0.709375 0.4125 0.13125 0.608333 0.285143
0 0.53125 0.658333 0.225 0.316667 0.622034
1 0.203125 0.675 0.26875 0.65 0.677522
1 0.3 0.620833 0.275 0.708333 0.638687
0 0.534375 0.658333 0.23125 0.316667 0.777038
1 0.71875 0.55 0.175 0.9 0.359094
1 0.496875 0.575 0.33125 0.85 0.799525
1 0.7125 0.329167 0.125 0.591667 0.458438
0 0.540625 0.604167 0.21875 0.308333 0.798481
0 0.54375 0.625 0.225 0.316667 0.744144
1 0.675 0.383333 0.1125 0.666667 0.314694
1 0.571875 0.716667 0.11875 0.566667 0.31912
0 0.53125 0.579167 0.2125 0.308333 0.733567
0 0.56875 0.575 0.2125 0.316667 0.518676
1 0.51875 0.804167 0.2 0.391667 0.520788
1 0.5625 0.795833 0.2 0.408333 0.36254
0 0.359375 0.3625 0.08125 0.341667 0.265883
1 0.5875 0.745833 0.175 0.491667 0.361159
1 0.609375 0.7625 0.19375 0.458333 0.372466
0 0.421875 0.375 0.13125 0.333333 0.457084
0 0.44375 0.441667 0.15 0.316667 0.450133
1 0.628125 0.8125 0.20625 0.375 0.744174
1 0.61875 0.825 0.1875 0.35 0.258692
0 0.425 0.4375 0.1375 0.308333 0.550157
1 0.615625 0.820833 0.18125 0.358333 0.274545
0 0.425 0.429167 0.1375 0.308333 0.612288
1 0.5875 0.8125 0.2125 0.375 0.35653
0 0.409375 0.433333 0.11875 0.3 0.43083
1 0.575 0.8125 0.175 0.375 0.47235
0 0.415625 0.4125 0.11875 0.308333 0.401659
1 0.5875 0.8125 0.175 0.375 0.456329
1 0.609375 0.7875 0.16875 0.425 0.303279
1 0.853125 0.5 0.29375 0.983333 0.254732
1 0.6375 0.679167 0.1875 0.641667 0.59346
1 0.853125 0.345833 0.29375 0.691667 0.334866
1 0.5625 0.666667 0.225 0.666667 0.742541
1 0.85625 0.345833 0.2875 0.691667 0.291915
1 0.565625 0.670833 0.20625 0.658333 0.762284
1 0.540625 0.666667 0.23125 0.666667 0.602413
1 0.521875 0.6875 0.21875 0.625 0.539468
1 0.478125 0.8 0.23125 0.4 0.388171
1 0.3 0.3375 0.3875 0.675 0.575628
1 0.3375 0.425 0.425 0.733333 0.419398
1 0.325 0.4125 0.4125 0.825 0.440918
1 0.721875 0.5375 0.31875 0.525 0.266832
1 0.253125 0.333333 0.39375 0.65 0.632071
1 0.259375 0.2875 0.40625 0.575 0.584524
1 0.715625 0.3875 0.29375 0.558333 0.31423
1 0.246875 0.270833 0.40625 0.541667 0.757234
0 0.93125 0.133333 0.1375 0.266667 0.770562
1 0.66875 0.670833 0.125 0.608333 0.716216
1 0.61875 0.3625 0.1 0.725 0.405887
1 0.653125 0.520833 0.15625 0.958333 0.435735
1 0.728125 0.3625 0.10625 0.725 0.379309
1 0.753125 0.516667 0.16875 0.966667 0.630602
1 0.78125 0.504167 0.1625 0.991667 0.699744
1 0.759375 0.5125 0.14375 0.975 0.639909
0 0.215625 0.516667 0.18125 0.283333 0.272015
1 0.721875 0.391667 0.10625 0.733333 0.400316
1 0.696875 0.5 0.20625 1 0.610645
1 0.6875 0.5 0.2 1 0.724408
1 0.6875 0.5 0.2 1 0.7668
1 0.690625 0.504167 0.23125 0.991667 0.693541
1 0.68125 0.504167 0.2125 0.991667 0.759545
1 0.671875 0.55 0.10625 0.683333 0.272524
1 0.65625 0.508333 0.1625 0.983333 0.704359
1 0.621875 0.483333 0.11875 0.716667 0.283587
1 0.60625 0.495833 0.2125 0.975 0.555308
1 0.73125 0.775 0.1125 0.45 0.371181
1 0.65 0.516667 0.175 0.966667 0.555504
1 0.715625 0.475 0.08125 0.7 0.254768
0 0.146875 0.470833 0.23125 0.308333 0.341197
1 0.765625 0.783333 0.20625 0.433333 0.4239
1 0.7125 0.525 0.15 0.95 0.596582
0 0.1125 0.445833 0.225 0.291667 0.402695
1 0.85 0.733333 0.1875 0.533333 0.441438
1 0.759375 0.716667 0.11875 0.566667 0.275587
1 0.128125 0.4875 0.25625 0.941667 0.30746
1 0.646875 0.504167 0.28125 0.991667 0.692322
1 0.665625 0.504167 0.24375 0.991667 0.736793
1 0.071875 0.25 0.14375 0.483333 0.423295
1 0.575 0.5125 0.3125 0.975 0.815353
1 0.70625 0.5 0.3125 1 0.746386
1 0.490625 0.504167 0.36875 0.975 0.852928
1 0.275 0.504167 0.3 0.991667 0.841202
1 0.346875 0.504167 0.26875 0.991667 0.860414
1 0.734375 0.504167 0.50625 0.991667 0.357148
1 0.334375 0.591667 0.39375 0.783333 0.938678
1 0.346875 0.570833 0.29375 0.858333 0.292875
1 0.7375 0.529167 0.375 0.941667 0.396694
1 0.740625 0.533333 0.44375 0.933333 0.327418
