0 0.446875 0.470833 0.29375 0.275 0.294106
0 0.465625 0.583333 0.26875 0.266667 0.569766
0 0.478125 0.545833 0.28125 0.258333 0.404138
0 0.446875 0.558333 0.29375 0.266667 0.38232
0 0.440625 0.554167 0.29375 0.275 0.447742
0 0.434375 0.55 0.28125 0.266667 0.638238
0 0.43125 0.5375 0.275 0.275 0.646246
0 0.434375 0.558333 0.28125 0.266667 0.284747
0 0.434375 0.5625 0.28125 0.275 0.511843
0 0.44375 0.558333 0.2875 0.266667 0.319241
0 0.425 0.566667 0.2625 0.283333 0.374126
0 0.44375 0.5625 0.2875 0.275 0.470879
0 0.428125 0.5875 0.25625 0.275 0.541954
0 0.4125 0.6375 0.25 0.275 0.389103
0 0.428125 0.6375 0.26875 0.275 0.496916
0 0.384375 0.670833 0.28125 0.258333 0.594532
0 0.36875 0.645833 0.25 0.275 0.32386
0 0.428125 0.608333 0.29375 0.266667 0.484314
0 0.45625 0.6125 0.3 0.258333 0.557627
0 0.44375 0.6125 0.3 0.258333 0.5394
0 0.425 0.6125 0.3 0.258333 0.338429
0 0.43125 0.620833 0.2875 0.258333 0.65184
0 0.44375 0.6375 0.2625 0.275 0.345684
0 0.46875 0.625 0.275 0.266667 0.364682
0 0.44375 0.6375 0.2625 0.275 0.549552
0 0.434375 0.6375 0.25625 0.275 0.610161
0 0.434375 0.645833 0.26875 0.275 0.469884
0 0.43125 0.65 0.275 0.266667 0.618718
0 0.415625 0.641667 0.28125 0.266667 0.519942
0 0.4125 0.641667 0.275 0.266667 0.540796
0 0.40625 0.629167 0.3 0.258333 0.300163
0 0.403125 0.629167 0.30625 0.258333 0.274331
0 0.3875 0.641667 0.2875 0.266667 0.566835
0 0.378125 0.641667 0.28125 0.266667 0.53982
0 0.346875 0.65 0.26875 0.266667 0.333509
0 0.378125 0.670833 0.28125 0.258333 0.35179
0 0.409375 0.645833 0.26875 0.258333 0.508978
0 0.38125 0.641667 0.2625 0.266667 0.506381
0 0.375 0.6375 0.2625 0.258333 0.54646
0 0.384375 0.65 0.26875 0.266667 0.613083
0 0.34375 0.641667 0.2875 0.266667 0.374118
0 0.34375 0.658333 0.2875 0.266667 0.304102
0 0.34375 0.629167 0.2875 0.258333 0.491273
0 0.340625 0.6375 0.28125 0.275 0.365611
0 0.35 0.633333 0.2875 0.266667 0.337393
0 0.321875 0.654167 0.29375 0.275 0.593062
0 0.35 0.6625 0.3 0.275 0.380032
0 0.34375 0.666667 0.2875 0.266667 0.747889
0 0.4 0.645833 0.275 0.275 0.548026
0 0.409375 0.658333 0.28125 0.25 0.306332
0 0.4125 0.654167 0.275 0.258333 0.562469
0 0.434375 0.658333 0.26875 0.266667 0.754695
0 0.440625 0.679167 0.29375 0.258333 0.797882
0 0.446875 0.658333 0.29375 0.266667 0.531919
0 0.434375 0.6625 0.28125 0.258333 0.625117
0 0.43125 0.6625 0.275 0.258333 0.783126
0 0.43125 0.654167 0.275 0.258333 0.681579
0 0.428125 0.65 0.26875 0.266667 0.474683
0 0.428125 0.658333 0.28125 0.25 0.451785
0 0.425 0.6625 0.275 0.258333 0.433636
0 0.4375 0.666667 0.25 0.25 0.562408
0 0.428125 0.666667 0.25625 0.25 0.560229
0 0.421875 0.666667 0.26875 0.25 0.733567
0 0.421875 0.6625 0.25625 0.258333 0.544738
0 0.4875 0.675 0.1625 0.25 0.458216
0 0.48125 0.675 0.1625 0.25 0.371213
0 0.496875 0.683333 0.15625 0.25 0.270665
0 0.484375 0.679167 0.18125 0.275 0.729371
0 0.51875 0.683333 0.1375 0.283333 0.280564
1 0.484375 0.6625 0.20625 0.325 0.522986
1 0.6 0.654167 0.1625 0.591667 0.319211
0 0.415625 0.695833 0.24375 0.275 0.758542
1 0.678125 0.679167 0.21875 0.641667 0.835875
0 0.41875 0.695833 0.2875 0.275 0.893321
1 0.821875 0.670833 0.15625 0.658333 0.807211
0 0.41875 0.691667 0.275 0.266667 0.857479
0 0.415625 0.6875 0.26875 0.275 0.859724
1 0.925 0.65 0.15 0.7 0.860776
1 0.9625 0.633333 0.075 0.733333 0.558284
0 0.425 0.6875 0.2625 0.275 0.846399
0 0.4125 0.683333 0.275 0.266667 0.809385
0 0.415625 0.683333 0.26875 0.266667 0.799424
0 0.409375 0.691667 0.24375 0.266667 0.636772
0 0.284375 0.791667 0.25625 0.283333 0.632541
0 0.49375 0.675 0.1375 0.25 0.327233
0 0.484375 0.591667 0.15625 0.25 0.484761
0 0.478125 0.604167 0.15625 0.258333 0.488258
0 0.41875 0.583333 0.1375 0.266667 0.355229
0 0.065625 0.633333 0.13125 0.283333 0.321826
0 0.065625 0.608333 0.13125 0.283333 0.314694
1 0.059375 0.620833 0.11875 0.291667 0.268486
1 0.040625 0.591667 0.08125 0.316667 0.470119
1 0.04375 0.591667 0.0875 0.3 0.317006
1 0.046875 0.604167 0.09375 0.308333 0.353899
1 0.04375 0.604167 0.0875 0.325 0.520757
0 0.375 0.5125 0.175 0.258333 0.292803
0 0.434375 0.5375 0.11875 0.275 0.250175
0 0.425 0.641667 0.1375 0.266667 0.381481
0 0.3625 0.633333 0.2375 0.266667 0.255917
0 0.459375 0.6 0.14375 0.283333 0.299208
1 0.9375 0.608333 0.125 0.783333 0.459139
0 0.4125 0.6375 0.25 0.275 0.54078
1 0.66875 0.608333 0.2 0.783333 0.313196
0 0.46875 0.608333 0.25 0.266667 0.744859
1 0.43125 0.720833 0.2375 0.558333 0.30207
1 0.296875 0.708333 0.23125 0.583333 0.252197
0 0.484375 0.591667 0.20625 0.283333 0.753955
0 0.4625 0.579167 0.25 0.275 0.689084
0 0.4625 0.575 0.2125 0.283333 0.409922
0 0.5 0.554167 0.2625 0.275 0.327488
0 0.46875 0.570833 0.225 0.275 0.41352
0 0.471875 0.558333 0.23125 0.283333 0.591351
0 0.428125 0.566667 0.21875 0.266667 0.258343
0 0.45 0.570833 0.2625 0.275 0.55051
1 0.784375 0.566667 0.26875 0.866667 0.766582
0 0.465625 0.6125 0.25625 0.275 0.478842
0 0.44375 0.6125 0.2875 0.275 0.319486
0 0.45625 0.6125 0.25 0.275 0.44229
0 0.45625 0.608333 0.275 0.283333 0.639765
0 0.434375 0.6125 0.26875 0.275 0.856616
0 0.434375 0.604167 0.28125 0.275 0.829673
0 0.434375 0.595833 0.29375 0.275 0.541154
0 0.425 0.6 0.2875 0.266667 0.40294
0 0.415625 0.595833 0.30625 0.275 0.59596
0 0.409375 0.583333 0.26875 0.266667 0.765527
0 0.434375 0.608333 0.19375 0.25 0.620467
0 0.3875 0.620833 0.2875 0.258333 0.32125
0 0.41875 0.620833 0.2875 0.258333 0.621429
0 0.384375 0.55 0.29375 0.266667 0.591688
0 0.365625 0.545833 0.24375 0.258333 0.767311
0 0.328125 0.5375 0.26875 0.258333 0.761319
0 0.275 0.520833 0.275 0.275 0.674707
0 0.265625 0.5 0.24375 0.266667 0.358733
0 0.275 0.55 0.2875 0.266667 0.47862
1 0.959375 0.816667 0.08125 0.366667 0.617397
1 0.753125 0.845833 0.29375 0.308333 0.815122
1 0.35625 0.6375 0.2875 0.258333 0.325021
0 0.36875 0.641667 0.275 0.266667 0.829383
0 0.4125 0.654167 0.25 0.275 0.747172
0 0.421875 0.6625 0.26875 0.258333 0.760934
0 0.425 0.670833 0.275 0.258333 0.660943
0 0.459375 0.666667 0.24375 0.266667 0.586113
0 0.459375 0.691667 0.25625 0.266667 0.544105
0 0.3625 0.6875 0.2875 0.258333 0.364473
0 0.3625 0.7125 0.25 0.258333 0.711095
0 0.415625 0.725 0.26875 0.266667 0.665264
0 0.475 0.7375 0.275 0.258333 0.495781
0 0.48125 0.720833 0.2625 0.258333 0.541302
0 0.4625 0.708333 0.25 0.266667 0.787874
0 0.465625 0.704167 0.25625 0.258333 0.667669
0 0.465625 0.7125 0.25625 0.258333 0.677045
0 0.465625 0.7125 0.24375 0.258333 0.744082
0 0.4625 0.708333 0.2375 0.266667 0.796195
0 0.4625 0.716667 0.2375 0.266667 0.763686
0 0.4625 0.7 0.2625 0.266667 0.727855
0 0.465625 0.725 0.24375 0.266667 0.794313
1 0.821875 0.691667 0.15625 0.6 0.92803
1 0.890625 0.691667 0.14375 0.616667 0.822594
1 0.915625 0.695833 0.15625 0.608333 0.881272
1 0.840625 0.683333 0.18125 0.6 0.935897
1 0.775 0.691667 0.15 0.616667 0.836914
1 0.728125 0.608333 0.19375 0.766667 0.837525
1 0.934375 0.5625 0.13125 0.875 0.67665
1 0.965625 0.825 0.06875 0.35 0.306125
0 0.121875 0.520833 0.24375 0.275 0.592118
1 0.965625 0.795833 0.06875 0.408333 0.257904
1 0.76875 0.783333 0.3125 0.4 0.709267
