1 0.121875 0.466667 0.24375 0.8 0.320862
1 0.3375 0.45 0.575 0.883333 0.443863
0 0.60625 0.920833 0.1875 0.158333 0.303787
1 0.73125 0.5 0.5375 1 0.260315
0 0.8875 0.720833 0.1625 0.175 0.637277
0 0.946875 0.583333 0.10625 0.2 0.752905
0 0.946875 0.804167 0.10625 0.208333 0.578733
0 0.91875 0.8625 0.15 0.158333 0.387432
1 0.175 0.520833 0.3375 0.958333 0.399153
1 0.16875 0.25 0.2375 0.383333 0.27489
1 0.275 0.245833 0.0375 0.391667 0.342764
1 0.171875 0.683333 0.34375 0.633333 0.474926
1 0.503125 0.541667 0.10625 0.75 0.507497
1 0.16875 0.729167 0.325 0.508333 0.576833
1 0.171875 0.6625 0.34375 0.675 0.360858
1 0.2125 0.729167 0.3375 0.525 0.79691
1 0.528125 0.333333 0.14375 0.6 0.802584
1 0.153125 0.7625 0.30625 0.475 0.386566
1 0.528125 0.5875 0.18125 0.825 0.793553
1 0.553125 0.270833 0.28125 0.508333 0.2549
1 0.15 0.6625 0.3 0.675 0.389626
1 0.534375 0.5 0.28125 1 0.754713
1 0.59375 0.504167 0.3125 0.991667 0.509523
1 0.159375 0.658333 0.31875 0.683333 0.643754
1 0.36875 0.845833 0.3125 0.308333 0.407121
1 0.703125 0.6875 0.21875 0.608333 0.859812
1 0.921875 0.620833 0.15625 0.758333 0.404953
1 0.7875 0.566667 0.425 0.866667 0.257215
1 0.515625 0.579167 0.31875 0.841667 0.539361
1 0.36875 0.566667 0.6625 0.866667 0.264193
0 0.815625 0.9125 0.23125 0.175 0.700465
0 0.325 0.879167 0.2375 0.241667 0.492633
0 0.325 0.841667 0.2375 0.25 0.542945
0 0.384375 0.858333 0.24375 0.25 0.576606
1 0.053125 0.683333 0.10625 0.616667 0.368031
0 0.428125 0.879167 0.23125 0.241667 0.696451
1 0.053125 0.583333 0.10625 0.833333 0.308412
0 0.43125 0.85 0.2375 0.233333 0.712544
1 0.05 0.575 0.1 0.7 0.307928
0 0.425 0.779167 0.225 0.241667 0.748085
0 0.40625 0.745833 0.2125 0.241667 0.533652
0 0.38125 0.720833 0.2125 0.241667 0.789728
0 0.66875 0.558333 0.325 0.283333 0.592485
0 0.128125 0.658333 0.24375 0.25 0.359905
0 0.38125 0.704167 0.225 0.241667 0.589996
1 0.4125 0.5875 0.325 0.825 0.563218
0 0.6375 0.7125 0.15 0.241667 0.745236
0 0.4125 0.633333 0.175 0.25 0.595483
0 0.409375 0.604167 0.16875 0.258333 0.68074
0 0.40625 0.558333 0.1625 0.25 0.584091
0 0.421875 0.55 0.14375 0.266667 0.510154
0 0.425 0.554167 0.1375 0.258333 0.525667
0 0.40625 0.5375 0.15 0.241667 0.511743
1 0.05625 0.3375 0.1125 0.608333 0.809901
1 0.065625 0.308333 0.13125 0.616667 0.711189
0 0.425 0.541667 0.1625 0.233333 0.723161
1 0.084375 0.308333 0.16875 0.6 0.348849
0 0.453125 0.541667 0.18125 0.233333 0.770704
1 0.09375 0.308333 0.1875 0.6 0.344002
0 0.459375 0.55 0.18125 0.233333 0.697545
1 0.821875 0.4875 0.08125 0.208333 0.257975
0 0.303125 0.308333 0.33125 0.316667 0.538881
0 0.6375 0.466667 0.1875 0.216667 0.822661
0 0.609375 0.525 0.18125 0.233333 0.763877
0 0.575 0.5875 0.175 0.225 0.781467
1 0.121875 0.595833 0.23125 0.808333 0.287955
0 0.5625 0.620833 0.175 0.225 0.711683
0 0.64375 0.595833 0.15 0.225 0.786896
0 0.665625 0.5875 0.14375 0.225 0.805063
0 0.69375 0.595833 0.15 0.241667 0.558895
1 0.05625 0.604167 0.1125 0.791667 0.48852
0 0.721875 0.595833 0.18125 0.241667 0.809231
1 0.059375 0.670833 0.11875 0.658333 0.660834
0 0.6875 0.608333 0.225 0.25 0.684491
0 0.675 0.6375 0.2375 0.241667 0.792364
1 0.1125 0.6875 0.225 0.625 0.892217
1 0.109375 0.6875 0.21875 0.625 0.576433
0 0.784375 0.641667 0.21875 0.233333 0.888622
0 0.759375 0.6 0.23125 0.25 0.689981
1 0.103125 0.704167 0.20625 0.591667 0.753337
0 0.640625 0.670833 0.24375 0.241667 0.504329
1 0.078125 0.7375 0.15625 0.525 0.638893
1 0.059375 0.7375 0.11875 0.441667 0.38099
0 0.56875 0.608333 0.2375 0.25 0.549967
0 0.165625 0.779167 0.21875 0.441667 0.276893
1 0.15625 0.7875 0.2375 0.425 0.376193
0 0.6375 0.575 0.225 0.233333 0.654539
0 0.5875 0.575 0.2125 0.233333 0.697078
1 0.1125 0.7875 0.225 0.425 0.736067
1 0.08125 0.758333 0.1625 0.483333 0.658172
0 0.58125 0.5625 0.2125 0.241667 0.677083
1 0.05 0.8 0.1 0.4 0.64483
0 0.559375 0.641667 0.20625 0.25 0.694647
1 0.046875 0.804167 0.09375 0.391667 0.332632
0 0.53125 0.675 0.2125 0.25 0.699582
0 0.565625 0.65 0.20625 0.25 0.678669
0 0.55 0.729167 0.2125 0.241667 0.72336
0 0.578125 0.7375 0.21875 0.241667 0.604259
0 0.58125 0.741667 0.2125 0.25 0.684518
1 0.075 0.8 0.1375 0.4 0.378134
0 0.609375 0.745833 0.20625 0.241667 0.661949
0 0.58125 0.741667 0.225 0.233333 0.713682
0 0.5125 0.770833 0.2625 0.241667 0.562046
0 0.48125 0.7375 0.2375 0.241667 0.685024
0 0.4 0.695833 0.2625 0.241667 0.461075
0 0.365625 0.645833 0.25625 0.241667 0.743517
0 0.334375 0.6625 0.25625 0.241667 0.556037
0 0.359375 0.666667 0.26875 0.233333 0.567791
0 0.384375 0.695833 0.25625 0.241667 0.583755
1 0.053125 0.633333 0.10625 0.733333 0.317731
0 0.409375 0.6875 0.25625 0.241667 0.530917
1 0.05625 0.575 0.1125 0.85 0.400696
0 0.428125 0.658333 0.24375 0.25 0.775486
1 0.05625 0.6375 0.1125 0.725 0.313755
0 0.384375 0.6 0.24375 0.25 0.79558
1 0.115625 0.625 0.23125 0.75 0.86115
0 0.38125 0.6 0.2375 0.25 0.889633
0 0.384375 0.579167 0.19375 0.241667 0.352492
1 0.134375 0.304167 0.25625 0.208333 0.399138
1 0.178125 0.595833 0.34375 0.808333 0.784211
1 0.340625 0.870833 0.28125 0.258333 0.416106
0 0.396875 0.545833 0.10625 0.241667 0.528299
1 0.240625 0.370833 0.26875 0.575 0.737633
1 0.421875 0.5375 0.31875 0.925 0.565551
1 0.51875 0.341667 0.3125 0.666667 0.720218
0 0.325 0.55 0.15 0.25 0.765075
0 0.321875 0.545833 0.16875 0.258333 0.710108
1 0.71875 0.429167 0.3 0.858333 0.726468
0 0.3 0.520833 0.175 0.275 0.557429
1 0.85 0.329167 0.3 0.658333 0.888781
0 0.3 0.416667 0.1625 0.266667 0.334435
1 0.91875 0.279167 0.1625 0.558333 0.686855
0 0.2625 0.425 0.1625 0.266667 0.476937
1 0.915625 0.291667 0.16875 0.583333 0.841336
0 0.26875 0.445833 0.15 0.275 0.388046
1 0.26875 0.441667 0.1625 0.266667 0.450521
1 0.925 0.304167 0.15 0.608333 0.844292
0 0.265625 0.479167 0.16875 0.275 0.295215
1 0.26875 0.475 0.1625 0.283333 0.360918
1 0.90625 0.333333 0.1875 0.666667 0.758009
1 0.271875 0.5 0.15625 0.283333 0.596875
1 0.9 0.333333 0.2 0.666667 0.688677
1 0.7625 0.870833 0.225 0.241667 0.311878
0 0.2625 0.470833 0.15 0.291667 0.362066
1 0.875 0.304167 0.25 0.608333 0.623642
1 0.621875 0.879167 0.21875 0.241667 0.457376
0 0.265625 0.5 0.15625 0.283333 0.526466
1 0.659375 0.608333 0.54375 0.783333 0.282117
0 0.265625 0.520833 0.15625 0.275 0.804426
1 0.5125 0.55 0.4875 0.883333 0.263202
1 0.196875 0.375 0.39375 0.7 0.487225
0 0.375 0.4125 0.1625 0.275 0.374913
0 0.3625 0.408333 0.15 0.266667 0.717615
1 0.0875 0.279167 0.175 0.558333 0.765784
1 0.134375 0.520833 0.26875 0.925 0.446111
0 0.33125 0.4375 0.1375 0.258333 0.65185
0 0.30625 0.4375 0.1625 0.258333 0.487665
1 0.296875 0.4625 0.21875 0.275 0.289607
0 0.303125 0.470833 0.18125 0.275 0.297436
0 0.26875 0.516667 0.1625 0.266667 0.638419
0 0.2625 0.491667 0.1625 0.266667 0.532263
0 0.26875 0.595833 0.175 0.275 0.640374
0 0.309375 0.625 0.18125 0.266667 0.654537
0 0.315625 0.5875 0.16875 0.275 0.739897
0 0.315625 0.595833 0.19375 0.275 0.768093
0 0.3 0.608333 0.1875 0.266667 0.555655
0 0.25 0.595833 0.1875 0.275 0.623777
0 0.259375 0.629167 0.18125 0.258333 0.538855
0 0.253125 0.595833 0.18125 0.275 0.684601
0 0.284375 0.595833 0.18125 0.275 0.652843
0 0.3125 0.5875 0.175 0.275 0.706096
0 0.31875 0.5625 0.1875 0.258333 0.727336
0 0.3125 0.5875 0.175 0.275 0.677162
1 0.05625 0.6 0.1125 0.8 0.727461
0 0.3125 0.579167 0.1875 0.258333 0.803931
0 0.328125 0.566667 0.16875 0.25 0.680735
0 0.39375 0.595833 0.1875 0.258333 0.66863
0 0.409375 0.591667 0.20625 0.25 0.587288
1 0.053125 0.366667 0.10625 0.616667 0.318271
0 0.421875 0.575 0.24375 0.233333 0.712524
1 0.05625 0.395833 0.1125 0.641667 0.350555
0 0.421875 0.620833 0.25625 0.241667 0.736573
0 0.46875 0.6375 0.2625 0.241667 0.722643
0 0.4375 0.6125 0.275 0.241667 0.358228
1 0.046875 0.4625 0.09375 0.541667 0.290933
0 0.39375 0.6125 0.275 0.241667 0.503197
1 0.053125 0.404167 0.10625 0.641667 0.289601
0 0.4125 0.6375 0.275 0.241667 0.76079
1 0.059375 0.3875 0.11875 0.675 0.418962
0 0.43125 0.6375 0.275 0.241667 0.782124
0 0.4625 0.629167 0.2625 0.241667 0.674665
1 0.08125 0.529167 0.1625 0.441667 0.524974
0 0.44375 0.616667 0.2375 0.25 0.659259
1 0.15625 0.370833 0.3125 0.208333 0.324145
1 0.165625 0.629167 0.33125 0.741667 0.782795
0 0.434375 0.608333 0.21875 0.25 0.86381
1 0.303125 0.5625 0.29375 0.875 0.732456
0 0.378125 0.591667 0.20625 0.266667 0.752689
1 0.60625 0.3875 0.2875 0.725 0.804306
1 0.884375 0.370833 0.23125 0.741667 0.593817
0 0.396875 0.575 0.18125 0.25 0.661264
0 0.415625 0.595833 0.16875 0.275 0.319624
1 0.4125 0.591667 0.1875 0.266667 0.356951
0 0.41875 0.633333 0.15 0.25 0.392519
1 0.421875 0.633333 0.15625 0.25 0.462759
1 0.371875 0.675 0.18125 0.266667 0.529324
1 0.375 0.7 0.1875 0.25 0.562177
1 0.378125 0.6875 0.20625 0.258333 0.604904
1 0.371875 0.65 0.18125 0.266667 0.271023
0 0.365625 0.654167 0.16875 0.275 0.442958
1 0.375 0.616667 0.175 0.266667 0.577249
1 0.36875 0.625 0.1625 0.266667 0.322484
0 0.36875 0.625 0.1625 0.266667 0.380085
1 0.44375 0.575 0.1875 0.266667 0.298414
1 0.046875 0.395833 0.09375 0.658333 0.471369
1 0.046875 0.4125 0.09375 0.558333 0.264299
1 0.465625 0.5 0.21875 0.266667 0.537503
0 0.321875 0.445833 0.15625 0.258333 0.557545
1 0.26875 0.4375 0.125 0.225 0.600211
0 0.234375 0.408333 0.23125 0.3 0.641535
0 0.14375 0.366667 0.225 0.483333 0.251646
0 0.215625 0.383333 0.19375 0.516667 0.643192
1 0.565625 0.479167 0.24375 0.641667 0.864455
0 0.53125 0.375 0.1625 0.2 0.816804
1 0.378125 0.7375 0.28125 0.525 0.580939
0 0.534375 0.395833 0.19375 0.191667 0.730545
0 0.528125 0.4375 0.13125 0.175 0.414079
1 0.428125 0.754167 0.28125 0.475 0.535523
1 0.43125 0.733333 0.25 0.516667 0.323715
0 0.521875 0.383333 0.11875 0.166667 0.46471
0 0.5 0.383333 0.1375 0.166667 0.579356
0 0.559375 0.3625 0.15625 0.175 0.258273
1 0.44375 0.716667 0.2625 0.55 0.477184
1 0.35 0.745833 0.2625 0.508333 0.560675
0 0.546875 0.391667 0.26875 0.166667 0.796345
0 0.7875 0.520833 0.2625 0.158333 0.521805
0 0.79375 0.3875 0.225 0.175 0.724452
0 0.778125 0.395833 0.18125 0.175 0.785625
0 0.721875 0.333333 0.16875 0.183333 0.703856
0 0.665625 0.320833 0.15625 0.191667 0.323137
0 0.5625 0.3125 0.15 0.191667 0.257326
1 0.56875 0.308333 0.1625 0.2 0.274715
1 0.1125 0.55 0.225 0.9 0.695546
0 0.646875 0.325 0.14375 0.183333 0.443642
1 0.21875 0.291667 0.25 0.583333 0.597508
1 0.209375 0.533333 0.19375 0.933333 0.705337
1 0.1125 0.504167 0.225 0.975 0.45102
0 0.5375 0.508333 0.1625 0.183333 0.452686
0 0.290625 0.591667 0.15625 0.2 0.744319
0 0.084375 0.6625 0.14375 0.208333 0.73839
0 0.05625 0.629167 0.1125 0.225 0.404719
0 0.05625 0.579167 0.1125 0.225 0.609838
0 0.040625 0.583333 0.08125 0.233333 0.446748
0 0.053125 0.625 0.10625 0.233333 0.363661
1 0.109375 0.5375 0.21875 0.225 0.26502
